4.035316772460937500e+02 2.334572448730468750e+02
4.045386657714843750e+02 2.257307891845703125e+02
4.324515686035156250e+02 4.222533264160156250e+02
4.340794677734375000e+02 3.950916137695312500e+02
4.379984436035156250e+02 3.877198791503906250e+02
4.451754150390625000e+02 4.822656860351562500e+02
4.459947509765625000e+02 4.342658691406250000e+02
4.459947509765625000e+02 4.342658691406250000e+02
4.744009704589843750e+02 2.113657379150390625e+02
4.528553466796875000e+02 4.074765930175781250e+02
4.614093322753906250e+02 2.509201965332031250e+02
4.614093322753906250e+02 2.509201965332031250e+02
4.540296325683593750e+02 3.376850280761718750e+02
4.547200012207031250e+02 3.898322143554687500e+02
4.549640197753906250e+02 3.776798706054687500e+02
4.561844177246093750e+02 4.167172851562500000e+02
4.559358215332031250e+02 3.715560302734375000e+02
4.672360839843750000e+02 2.475460968017578125e+02
4.581817932128906250e+02 3.869519042968750000e+02
4.605837097167968750e+02 5.001279602050781250e+02
4.594226989746093750e+02 4.066492004394531250e+02
4.597265014648437500e+02 3.149254150390625000e+02
4.618441162109375000e+02 4.150962524414062500e+02
4.618441162109375000e+02 4.150962524414062500e+02
4.728143920898437500e+02 2.480151824951171875e+02
4.663819274902343750e+02 5.253215332031250000e+02
4.702955322265625000e+02 2.591789550781250000e+02
4.631147460937500000e+02 3.690393981933593750e+02
4.665994567871093750e+02 5.030791625976562500e+02
4.642498474121093750e+02 4.054033203125000000e+02
4.750305175781250000e+02 2.580840759277343750e+02
4.830109863281250000e+02 2.390961151123046875e+02
4.672436523437500000e+02 3.286926879882812500e+02
4.787629394531250000e+02 2.530886993408203125e+02
4.672084045410156250e+02 3.484316711425781250e+02
4.688291320800781250e+02 4.155233459472656250e+02
4.688291320800781250e+02 4.155233459472656250e+02
4.812388916015625000e+02 2.582435607910156250e+02
4.718763732910156250e+02 4.245355834960937500e+02
4.715279846191406250e+02 3.918041381835937500e+02
4.815718078613281250e+02 2.603117675781250000e+02
4.853936462402343750e+02 2.531866302490234375e+02
4.900112609863281250e+02 2.503973236083984375e+02
4.779324951171875000e+02 5.177112426757812500e+02
4.763515319824218750e+02 4.022655639648437500e+02
4.983566894531250000e+02 2.331089477539062500e+02
4.760892639160156250e+02 3.359857482910156250e+02
4.805418395996093750e+02 5.822517089843750000e+02
4.763273925781250000e+02 3.501599731445312500e+02
4.766411437988281250e+02 3.835094909667968750e+02
4.780536193847656250e+02 3.571390380859375000e+02
4.786940917968750000e+02 4.300180969238281250e+02
4.796761474609375000e+02 4.597113342285156250e+02
4.796761474609375000e+02 4.597113342285156250e+02
4.925746154785156250e+02 2.570963439941406250e+02
4.886511230468750000e+02 2.669558105468750000e+02
4.834754028320312500e+02 5.854708862304687500e+02
4.810090942382812500e+02 4.782469177246093750e+02
4.810090942382812500e+02 4.782469177246093750e+02
4.980015869140625000e+02 2.473480987548828125e+02
4.924700317382812500e+02 2.637523803710937500e+02
4.966431579589843750e+02 2.566786804199218750e+02
4.998880310058593750e+02 2.505790557861328125e+02
4.838039550781250000e+02 4.286351318359375000e+02
5.046211547851562500e+02 2.456361389160156250e+02
4.979901733398437500e+02 2.622869262695312500e+02
4.979901733398437500e+02 2.622869262695312500e+02
5.043932800292968750e+02 2.518288726806640625e+02
5.089573059082031250e+02 2.384601745605468750e+02
4.860264587402343750e+02 3.882520446777343750e+02
4.863611450195312500e+02 4.242887573242187500e+02
4.945166625976562500e+02 2.768294677734375000e+02
5.099170837402343750e+02 2.412895202636718750e+02
4.893721618652343750e+02 4.460971374511718750e+02
4.908296813964843750e+02 5.054090881347656250e+02
4.901691894531250000e+02 4.203261108398437500e+02
5.154758911132812500e+02 2.398143920898437500e+02
4.926509094238281250e+02 5.321160888671875000e+02
4.907725219726562500e+02 3.946024475097656250e+02
4.908456115722656250e+02 3.925348815917968750e+02
4.951321105957031250e+02 5.522709350585937500e+02
4.919697570800781250e+02 4.343714599609375000e+02
4.939902954101562500e+02 4.899992370605468750e+02
4.939902954101562500e+02 4.899992370605468750e+02
4.939943847656250000e+02 5.045978088378906250e+02
5.067510070800781250e+02 2.665024108886718750e+02
4.960355529785156250e+02 5.002356262207031250e+02
4.953701782226562500e+02 4.739978027343750000e+02
4.983625793457031250e+02 5.556260986328125000e+02
5.201843261718750000e+02 2.471394805908203125e+02
5.185386962890625000e+02 2.496297454833984375e+02
5.127199096679687500e+02 2.697048034667968750e+02
5.160633544921875000e+02 2.609791564941406250e+02
5.017577209472656250e+02 5.588805541992187500e+02
5.395264282226562500e+02 2.120292663574218750e+02
5.273425292968750000e+02 2.407128295898437500e+02
5.267225952148437500e+02 2.441058502197265625e+02
5.318561401367187500e+02 2.393153686523437500e+02
5.281537475585937500e+02 2.484230194091796875e+02
5.077658386230468750e+02 5.653152465820312500e+02
5.433419799804687500e+02 2.218338928222656250e+02
5.339468994140625000e+02 2.426844177246093750e+02
5.003925781250000000e+02 4.037519531250000000e+02
5.278789672851562500e+02 2.619544372558593750e+02
5.121925659179687500e+02 6.161441040039062500e+02
5.477996215820312500e+02 2.241575927734375000e+02
5.111577758789062500e+02 4.300963439941406250e+02
5.484263916015625000e+02 2.273290405273437500e+02
5.109732666015625000e+02 4.036943664550781250e+02
5.152713012695312500e+02 3.039808044433593750e+02
5.428208007812500000e+02 2.435612182617187500e+02
5.460233154296875000e+02 2.378628540039062500e+02
5.163876342773437500e+02 6.174281005859375000e+02
5.140592041015625000e+02 4.383286743164062500e+02
5.167059326171875000e+02 5.728043823242187500e+02
5.524856567382812500e+02 2.325475463867187500e+02
5.499027709960937500e+02 2.426290283203125000e+02
5.530498046875000000e+02 2.487162475585937500e+02
5.644705200195312500e+02 2.266908721923828125e+02
5.618933105468750000e+02 2.373771362304687500e+02
5.534560546875000000e+02 2.571998596191406250e+02
5.570045166015625000e+02 2.511952209472656250e+02
5.570045166015625000e+02 2.511952209472656250e+02
5.275189819335937500e+02 3.197134399414062500e+02
5.607528686523437500e+02 2.512676086425781250e+02
5.386546020507812500e+02 3.215884704589843750e+02
5.790631713867187500e+02 2.388808135986328125e+02
5.933350830078125000e+02 2.128273162841796875e+02
5.752136230468750000e+02 2.523589477539062500e+02
5.949403686523437500e+02 2.213158569335937500e+02
5.518952026367187500e+02 3.462996826171875000e+02
5.590518188476562500e+02 4.698515930175781250e+02
5.577781372070312500e+02 3.569173583984375000e+02
5.580633544921875000e+02 3.680008544921875000e+02
6.189770507812500000e+02 1.978607025146484375e+02
6.078471069335937500e+02 2.211643524169921875e+02
6.014403076171875000e+02 2.399357147216796875e+02
5.645190429687500000e+02 3.595238952636718750e+02
5.645190429687500000e+02 3.595238952636718750e+02
5.657017211914062500e+02 3.744820251464843750e+02
5.657017211914062500e+02 3.744820251464843750e+02
6.053685302734375000e+02 2.356144561767578125e+02
5.677575683593750000e+02 4.297273559570312500e+02
6.160363159179687500e+02 2.171546630859375000e+02
5.687416992187500000e+02 3.658391723632812500e+02
5.695453491210937500e+02 4.460322570800781250e+02
5.730915527343750000e+02 5.502098999023437500e+02
5.726521606445312500e+02 5.308009643554687500e+02
5.714381713867187500e+02 4.313536376953125000e+02
5.714381713867187500e+02 4.313536376953125000e+02
6.033767700195312500e+02 2.482442016601562500e+02
6.418352661132812500e+02 1.782669525146484375e+02
5.713324584960937500e+02 3.459721984863281250e+02
5.723134765625000000e+02 4.233059082031250000e+02
6.349238891601562500e+02 1.932926330566406250e+02
5.748337402343750000e+02 3.479992065429687500e+02
5.748337402343750000e+02 3.479992065429687500e+02
5.752554931640625000e+02 3.529525756835937500e+02
5.754602050781250000e+02 3.597567443847656250e+02
5.754602050781250000e+02 3.597567443847656250e+02
5.756058349609375000e+02 3.667283325195312500e+02
5.759973144531250000e+02 3.747357177734375000e+02
6.215468139648437500e+02 2.279225311279296875e+02
6.140214233398437500e+02 2.382873992919921875e+02
5.794238891601562500e+02 3.773996582031250000e+02
5.840015258789062500e+02 5.737849121093750000e+02
6.148242797851562500e+02 2.457956848144531250e+02
5.834451904296875000e+02 4.673689575195312500e+02
5.834451904296875000e+02 4.673689575195312500e+02
5.864245605468750000e+02 5.787110595703125000e+02
5.825703125000000000e+02 4.190461120605468750e+02
6.331870117187500000e+02 2.087153930664062500e+02
5.822963867187500000e+02 3.751242065429687500e+02
5.822963867187500000e+02 3.751242065429687500e+02
5.825270385742187500e+02 3.560623474121093750e+02
5.835598144531250000e+02 4.421642150878906250e+02
5.837750854492187500e+02 4.329190368652343750e+02
5.843839111328125000e+02 4.161847229003906250e+02
5.670819091796875000e+02 4.876553955078125000e+02
6.432041015625000000e+02 2.000156402587890625e+02
6.125673828125000000e+02 2.595660705566406250e+02
6.125673828125000000e+02 2.595660705566406250e+02
5.861033935546875000e+02 3.687857055664062500e+02
5.900402221679687500e+02 5.764268798828125000e+02
5.872002563476562500e+02 4.219718627929687500e+02
5.872002563476562500e+02 4.219718627929687500e+02
5.918122558593750000e+02 5.718291625976562500e+02
5.889101562500000000e+02 3.420850830078125000e+02
5.892222900390625000e+02 4.114321594238281250e+02
5.926517944335937500e+02 5.653426513671875000e+02
5.909196166992187500e+02 4.659104919433593750e+02
5.936161499023437500e+02 5.797357177734375000e+02
5.953229980468750000e+02 5.622438354492187500e+02
5.898552856445312500e+02 3.580677490234375000e+02
5.898552856445312500e+02 3.580677490234375000e+02
6.362451782226562500e+02 2.233726806640625000e+02
5.969207153320312500e+02 5.931806030273437500e+02
5.925584716796875000e+02 4.138115234375000000e+02
5.931708984375000000e+02 4.102973937988281250e+02
6.163200683593750000e+02 2.673661499023437500e+02
5.965208740234375000e+02 4.149371032714843750e+02
6.474582519531250000e+02 2.073952636718750000e+02
5.989434204101562500e+02 4.780966491699218750e+02
6.510067138671875000e+02 2.037734069824218750e+02
6.064562988281250000e+02 6.043125000000000000e+02
6.560470581054687500e+02 2.052563629150390625e+02
6.073708496093750000e+02 5.888830566406250000e+02
6.049636840820312500e+02 4.541522216796875000e+02
6.090225219726562500e+02 5.675892944335937500e+02
6.257659301757812500e+02 2.678274536132812500e+02
6.054635620117187500e+02 3.828654479980468750e+02
6.108336181640625000e+02 5.957625732421875000e+02
6.115370483398437500e+02 5.660250244140625000e+02
6.124531860351562500e+02 5.815765380859375000e+02
6.109336547851562500e+02 3.136126098632812500e+02
6.109336547851562500e+02 3.136126098632812500e+02
6.089045410156250000e+02 3.458713378906250000e+02
6.145452270507812500e+02 5.901931152343750000e+02
6.146999511718750000e+02 5.702518310546875000e+02
6.153042602539062500e+02 5.632271118164062500e+02
6.123352050781250000e+02 3.581556091308593750e+02
6.123352050781250000e+02 3.581556091308593750e+02
6.131697998046875000e+02 3.638079833984375000e+02
6.156990356445312500e+02 4.152680053710937500e+02
6.203993530273437500e+02 5.792830810546875000e+02
6.216282348632812500e+02 6.133013916015625000e+02
6.206826782226562500e+02 5.889360961914062500e+02
6.211456909179687500e+02 5.747677612304687500e+02
6.166634521484375000e+02 3.404649047851562500e+02
6.205324096679687500e+02 5.372846069335937500e+02
6.180285644531250000e+02 3.316059875488281250e+02
6.212166137695312500e+02 5.549848022460937500e+02
6.243952026367187500e+02 6.098870239257812500e+02
6.184607543945312500e+02 4.046653137207031250e+02
6.243652954101562500e+02 6.001643066406250000e+02
6.206779785156250000e+02 3.550614013671875000e+02
6.516711425781250000e+02 2.472091064453125000e+02
6.259995727539062500e+02 5.414119262695312500e+02
6.237238769531250000e+02 4.435720825195312500e+02
6.242144775390625000e+02 4.182768554687500000e+02
6.309978027343750000e+02 6.170933227539062500e+02
6.294426269531250000e+02 5.859779663085937500e+02
6.249462890625000000e+02 4.033557434082031250e+02
6.249462890625000000e+02 4.033557434082031250e+02
6.281930541992187500e+02 5.536500244140625000e+02
6.256396484375000000e+02 3.523700561523437500e+02
6.259135131835937500e+02 3.396726989746093750e+02
6.264403076171875000e+02 3.448969116210937500e+02
6.339378051757812500e+02 6.135817871093750000e+02
6.294233398437500000e+02 3.456391906738281250e+02
6.348229370117187500e+02 5.836728515625000000e+02
6.311864013671875000e+02 3.543339538574218750e+02
6.316154174804687500e+02 4.171327819824218750e+02
6.314679565429687500e+02 3.506229858398437500e+02
6.400325317382812500e+02 5.690217895507812500e+02
6.414951782226562500e+02 6.133568115234375000e+02
6.358769531250000000e+02 4.170930480957031250e+02
6.371034545898437500e+02 5.203543701171875000e+02
6.354915771484375000e+02 3.869820556640625000e+02
6.418194580078125000e+02 5.938583984375000000e+02
6.367474975585937500e+02 3.952589416503906250e+02
6.370040893554687500e+02 3.570787048339843750e+02
6.418307495117187500e+02 5.719466552734375000e+02
6.418307495117187500e+02 5.719466552734375000e+02
6.400926513671875000e+02 5.415768432617187500e+02
6.400926513671875000e+02 5.415768432617187500e+02
6.412956542968750000e+02 3.065132141113281250e+02
6.385018310546875000e+02 3.519332580566406250e+02
6.385018310546875000e+02 3.519332580566406250e+02
6.450009155273437500e+02 6.000313720703125000e+02
6.424776611328125000e+02 3.984087829589843750e+02
6.430095825195312500e+02 3.510634765625000000e+02
6.490972290039062500e+02 6.111376342773437500e+02
6.484362182617187500e+02 5.626604003906250000e+02
6.484362182617187500e+02 5.626604003906250000e+02
6.452944946289062500e+02 4.303489990234375000e+02
6.451421508789062500e+02 4.148432617187500000e+02
6.497031860351562500e+02 5.603031005859375000e+02
6.504360961914062500e+02 5.887025756835937500e+02
6.464933471679687500e+02 4.250985412597656250e+02
6.531134643554687500e+02 5.953088989257812500e+02
6.482528686523437500e+02 3.904913330078125000e+02
6.516552734375000000e+02 3.991932373046875000e+02
6.569789428710937500e+02 5.577981567382812500e+02
6.580372924804687500e+02 5.762312622070312500e+02
6.577464599609375000e+02 5.673927001953125000e+02
6.541995239257812500e+02 3.119115600585937500e+02
6.557637329101562500e+02 4.137482299804687500e+02
6.623209838867187500e+02 5.870439453125000000e+02
6.622663574218750000e+02 5.721264648437500000e+02
6.622663574218750000e+02 5.721264648437500000e+02
6.629192504882812500e+02 5.666653442382812500e+02
6.622983398437500000e+02 4.572354431152343750e+02
6.625349121093750000e+02 3.683556823730468750e+02
6.628163452148437500e+02 3.610367431640625000e+02
6.698560791015625000e+02 6.066018066406250000e+02
6.691063842773437500e+02 5.681245117187500000e+02
6.697045288085937500e+02 5.939274291992187500e+02
6.698782348632812500e+02 5.875751953125000000e+02
6.659166259765625000e+02 3.085269775390625000e+02
6.703501586914062500e+02 6.032420654296875000e+02
6.701121826171875000e+02 5.559653320312500000e+02
6.711124877929687500e+02 5.697053222656250000e+02
6.666796875000000000e+02 3.486571960449218750e+02
6.666796875000000000e+02 3.486571960449218750e+02
6.708295288085937500e+02 5.633137207031250000e+02
6.669747314453125000e+02 3.670877380371093750e+02
6.755433349609375000e+02 5.883817749023437500e+02
6.767686767578125000e+02 5.568482055664062500e+02
6.759208984375000000e+02 6.037666625976562500e+02
6.720376586914062500e+02 3.545866394042968750e+02
6.723348388671875000e+02 3.622836303710937500e+02
6.798618774414062500e+02 6.074384765625000000e+02
6.741039428710937500e+02 3.510447692871093750e+02
6.741039428710937500e+02 3.510447692871093750e+02
6.760501708984375000e+02 3.538991088867187500e+02
6.760501708984375000e+02 3.538991088867187500e+02
6.847623291015625000e+02 5.727828369140625000e+02
6.848027343750000000e+02 5.691005249023437500e+02
6.815791625976562500e+02 4.424226379394531250e+02
6.795395507812500000e+02 3.696017761230468750e+02
6.873128662109375000e+02 6.031284790039062500e+02
6.815914306640625000e+02 3.401206359863281250e+02
6.815914306640625000e+02 3.401206359863281250e+02
6.884152221679687500e+02 5.847691650390625000e+02
6.876636352539062500e+02 5.532128906250000000e+02
6.832225341796875000e+02 3.678251953125000000e+02
6.832225341796875000e+02 3.678251953125000000e+02
6.907958374023437500e+02 5.970950317382812500e+02
6.914495239257812500e+02 5.931058349609375000e+02
6.872052001953125000e+02 4.011733398437500000e+02
6.869283447265625000e+02 3.848525695800781250e+02
6.869283447265625000e+02 3.848525695800781250e+02
6.926989746093750000e+02 5.749893798828125000e+02
6.972216796875000000e+02 6.021235351562500000e+02
6.962585449218750000e+02 5.516412963867187500e+02
6.962585449218750000e+02 5.516412963867187500e+02
6.921609497070312500e+02 3.456487121582031250e+02
6.984821777343750000e+02 5.889664916992187500e+02
6.920582885742187500e+02 3.600394897460937500e+02
6.956000366210937500e+02 4.038362121582031250e+02
7.013557128906250000e+02 5.442733154296875000e+02
6.977271118164062500e+02 3.858091125488281250e+02
7.041693725585937500e+02 5.867644042968750000e+02
7.042815551757812500e+02 5.522690429687500000e+02
7.003628540039062500e+02 3.968262023925781250e+02
7.003628540039062500e+02 3.968262023925781250e+02
7.072055053710937500e+02 5.825019531250000000e+02
7.025173339843750000e+02 4.362935180664062500e+02
7.013773193359375000e+02 3.573405761718750000e+02
7.013773193359375000e+02 3.573405761718750000e+02
7.262819824218750000e+02 2.392754364013671875e+02
7.087565307617187500e+02 5.923860473632812500e+02
7.090088500976562500e+02 6.017611694335937500e+02
7.086766357421875000e+02 5.467211914062500000e+02
7.102558593750000000e+02 5.763500366210937500e+02
7.103068847656250000e+02 5.629790649414062500e+02
7.108094482421875000e+02 5.541141967773437500e+02
7.108094482421875000e+02 5.541141967773437500e+02
7.225007934570312500e+02 2.560127563476562500e+02
7.078275756835937500e+02 3.768130493164062500e+02
7.150220336914062500e+02 5.883870239257812500e+02
7.080937500000000000e+02 3.561939392089843750e+02
7.144541625976562500e+02 5.773383789062500000e+02
7.096642456054687500e+02 3.738190612792968750e+02
7.099711303710937500e+02 3.485780944824218750e+02
7.099711303710937500e+02 3.485780944824218750e+02
7.105711669921875000e+02 3.484973754882812500e+02
7.105711669921875000e+02 3.484973754882812500e+02
7.106763916015625000e+02 3.369450073242187500e+02
7.106763916015625000e+02 3.369450073242187500e+02
7.126071777343750000e+02 3.521388244628906250e+02
7.174776000976562500e+02 5.441707763671875000e+02
7.125416259765625000e+02 3.459227294921875000e+02
7.125416259765625000e+02 3.459227294921875000e+02
7.190023193359375000e+02 5.634680786132812500e+02
7.143147583007812500e+02 3.064575195312500000e+02
7.144440307617187500e+02 3.489088745117187500e+02
7.217661743164062500e+02 5.578413085937500000e+02
7.310445556640625000e+02 2.574212646484375000e+02
7.186531982421875000e+02 3.462026977539062500e+02
7.253151855468750000e+02 5.514465332031250000e+02
7.260222167968750000e+02 5.571235351562500000e+02
7.220394287109375000e+02 4.316101684570312500e+02
7.324003295898437500e+02 2.626650085449218750e+02
7.276264648437500000e+02 5.426572875976562500e+02
7.276264648437500000e+02 5.426572875976562500e+02
7.243361816406250000e+02 3.841300354003906250e+02
7.306692504882812500e+02 5.366768188476562500e+02
7.323762207031250000e+02 2.730858459472656250e+02
7.416718139648437500e+02 2.548817749023437500e+02
7.319266967773437500e+02 4.351577148437500000e+02
7.403226928710937500e+02 5.677595825195312500e+02
7.469299316406250000e+02 2.565133972167968750e+02
7.469299316406250000e+02 2.565133972167968750e+02
7.449293212890625000e+02 2.637508239746093750e+02
7.389052124023437500e+02 4.745182189941406250e+02
7.414808349609375000e+02 5.319581909179687500e+02
7.384628906250000000e+02 3.868980102539062500e+02
7.460677490234375000e+02 2.671376342773437500e+02
7.430888671875000000e+02 4.704166564941406250e+02
7.499916381835937500e+02 2.629682006835937500e+02
7.517756958007812500e+02 2.592720947265625000e+02
7.446585083007812500e+02 4.353423767089843750e+02
7.456044921875000000e+02 3.495026855468750000e+02
7.501992797851562500e+02 5.270016479492187500e+02
7.461816406250000000e+02 3.403156738281250000e+02
7.574594116210937500e+02 2.567877197265625000e+02
7.473839111328125000e+02 3.126938171386718750e+02
7.473839111328125000e+02 3.126938171386718750e+02
7.486647949218750000e+02 3.794049072265625000e+02
7.509921875000000000e+02 4.668476257324218750e+02
7.487665405273437500e+02 3.663801574707031250e+02
7.484761962890625000e+02 3.514629821777343750e+02
7.549281616210937500e+02 2.716151733398437500e+02
7.526304931640625000e+02 4.906038208007812500e+02
7.542442016601562500e+02 4.873999633789062500e+02
7.534050292968750000e+02 3.682109375000000000e+02
7.543329467773437500e+02 3.859085083007812500e+02
7.588529052734375000e+02 5.237703247070312500e+02
7.591936645507812500e+02 5.402777099609375000e+02
7.549863281250000000e+02 3.750854797363281250e+02
7.556152954101562500e+02 3.817261962890625000e+02
7.556152954101562500e+02 3.817261962890625000e+02
7.568192749023437500e+02 3.712214355468750000e+02
7.608634643554687500e+02 5.330916137695312500e+02
7.569132690429687500e+02 2.998456420898437500e+02
7.572334594726562500e+02 3.558516235351562500e+02
7.603073730468750000e+02 4.931666564941406250e+02
7.605501708984375000e+02 4.738078918457031250e+02
7.612976684570312500e+02 3.661381530761718750e+02
7.616401367187500000e+02 3.324201660156250000e+02
7.616401367187500000e+02 3.324201660156250000e+02
7.630955200195312500e+02 3.867013549804687500e+02
7.638416137695312500e+02 3.721684265136718750e+02
7.679329833984375000e+02 5.186273803710937500e+02
7.650631713867187500e+02 3.814519958496093750e+02
7.650631713867187500e+02 3.814519958496093750e+02
7.659323730468750000e+02 3.462153320312500000e+02
7.659323730468750000e+02 3.462153320312500000e+02
7.685021972656250000e+02 4.391864013671875000e+02
7.702766113281250000e+02 5.125223388671875000e+02
7.674898071289062500e+02 3.751079711914062500e+02
7.679078369140625000e+02 3.589552917480468750e+02
7.684144287109375000e+02 3.543170166015625000e+02
7.720795288085937500e+02 4.990955200195312500e+02
7.742453002929687500e+02 5.062211608886718750e+02
7.761757202148437500e+02 5.664739990234375000e+02
7.730530395507812500e+02 3.826487426757812500e+02
7.730530395507812500e+02 3.826487426757812500e+02
7.792801513671875000e+02 5.140492553710937500e+02
7.820379028320312500e+02 4.954689025878906250e+02
7.866162719726562500e+02 5.198982543945312500e+02
7.906588134765625000e+02 4.422652282714843750e+02
7.910523071289062500e+02 2.910234375000000000e+02
7.932551879882812500e+02 2.709054870605468750e+02
4.045386657714843750e+02 2.257307891845703125e+02
7.940688476562500000e+02 2.881221008300781250e+02
