-7.525754455686771253e-03 1.533951379838755236e-01 -1.952803867081331024e+00
-7.911025589305266392e-03 1.563040434586546734e-01 -1.952084057129490180e+00
-1.671392818515261836e-02 7.801449195163123740e-02 -1.884488978206878107e+00
-1.733248702002214425e-02 8.789212205619004181e-02 -1.882860360414085665e+00
-1.867998350811595973e-02 9.054456985562507609e-02 -1.876501535633277706e+00
-2.067287630891051498e-02 5.505417421867260519e-02 -1.858640188588610576e+00
-2.109097733108311612e-02 7.250059781025745831e-02 -1.860020185387615488e+00
-2.109097733108311612e-02 7.250059781025745831e-02 -1.860020185387615488e+00
-3.145794811909541355e-02 1.538694825826242563e-01 -1.854035109394609249e+00
-2.340127543465220228e-02 8.194655866099301300e-02 -1.849249193739406438e+00
-2.689785426295853224e-02 1.394395668780394337e-01 -1.855446926357918080e+00
-2.689785426295853224e-02 1.394395668780394337e-01 -1.855446926357918080e+00
-2.406592953426035797e-02 1.076268053474704889e-01 -1.852173870350505513e+00
-2.407678674149658221e-02 8.836517080405922875e-02 -1.847442119911840264e+00
-2.419497590853717656e-02 9.275954931908388101e-02 -1.847623793684525229e+00
-2.443539332603437281e-02 7.838754673233008785e-02 -1.843181829420919460e+00
-2.450641989337335250e-02 9.479337519952109326e-02 -1.845577540383280368e+00
-2.879500164851169289e-02 1.401660119270922988e-01 -1.848343916552634303e+00
-2.520491948646575234e-02 8.925931523638518106e-02 -1.842184164252823830e+00
-2.551960004209540347e-02 4.782314232727873093e-02 -1.831290712325518655e+00
-2.550041208809065985e-02 8.183164356876701517e-02 -1.838468737602357850e+00
-2.598635410271200180e-02 1.155247911077664225e-01 -1.844906523402862986e+00
-2.622438059738481375e-02 7.855823991287019803e-02 -1.833533936699963895e+00
-2.622438059738481375e-02 7.855823991287019803e-02 -1.833533936699963895e+00
-3.057324371621841091e-02 1.394883208583083400e-01 -1.840240853421941214e+00
-2.726122987979140780e-02 3.856328681003209219e-02 -1.821492928613430928e+00
-2.966581549850042659e-02 1.353495118551881760e-01 -1.839449508650796927e+00
-2.680054285130855155e-02 9.517876706838399037e-02 -1.834576681158918809e+00
-2.741344127143670664e-02 4.663613239456024934e-02 -1.821840377043034254e+00
-2.702190110002429535e-02 8.193855278475993542e-02 -1.830305080419166952e+00
-3.116416460743448927e-02 1.352174878847964001e-01 -1.833797607618520065e+00
-3.386257194990521802e-02 1.418637661491394253e-01 -1.829962761486666256e+00
-2.828936619591065210e-02 1.097074482426262099e-01 -1.831333756012559544e+00
-3.238305590638136666e-02 1.367962796249179158e-01 -1.830123200117016236e+00
-2.817956924062804333e-02 1.024560699519818513e-01 -1.828921822671262687e+00
-2.840292849222276345e-02 7.791276764197196947e-02 -1.821901232408404070e+00
-2.840292849222276345e-02 7.791276764197196947e-02 -1.821901232408404070e+00
-3.311431110304156877e-02 1.346298228422571908e-01 -1.824587738936341408e+00
-2.932325637528091639e-02 7.453788233417038556e-02 -1.816616224226695664e+00
-2.933000182390248928e-02 8.627019858208824499e-02 -1.818843853510528463e+00
-3.317487251904276124e-02 1.336202538689900687e-01 -1.823396573357779937e+00
-3.444999556741767943e-02 1.360962504341002854e-01 -1.821098481787284395e+00
-3.591218944565906929e-02 1.367804850925441185e-01 -1.815538702622161438e+00
-3.082098272009964335e-02 4.086519066570841463e-02 -1.801473255829068032e+00
-3.080174644304822795e-02 8.229756378913860582e-02 -1.811296466330052368e+00
-3.867557748093207459e-02 1.426377044468924160e-01 -1.811741477726656502e+00
-3.099518038182877064e-02 1.062015119158475907e-01 -1.816181249197417191e+00
-3.138293634702216117e-02 1.788568762618824096e-02 -1.794464666326082369e+00
-3.096833088851681098e-02 1.008176270868579999e-01 -1.813841511999901179e+00
-3.094129078826772516e-02 8.890812457404884128e-02 -1.810981278330594302e+00
-3.148383514806252226e-02 9.826400841088393789e-02 -1.810746213536763571e+00
-3.136626799452357783e-02 7.198463860814563464e-02 -1.804546025497587580e+00
-3.157807960827890142e-02 6.152103512584983919e-02 -1.801641329540932146e+00
-3.157807960827890142e-02 6.152103512584983919e-02 -1.801641329540932146e+00
-3.661517238304269617e-02 1.338117204770495894e-01 -1.809973994074995041e+00
-3.529691085088390579e-02 1.303914880034828527e-01 -1.810903542444669556e+00
-3.224916849914213901e-02 1.668170322589830612e-02 -1.789308163754839587e+00
-3.191270231265506269e-02 5.482600060373168244e-02 -1.798797277307298659e+00
-3.191270231265506269e-02 5.482600060373168244e-02 -1.798797277307298659e+00
-3.838509833664281723e-02 1.370919889291797589e-01 -1.805929076083555573e+00
-3.652056873892717964e-02 1.313694779439533999e-01 -1.807219844279462695e+00
-3.786862990754182728e-02 1.336482861955166912e-01 -1.804292824967970610e+00
-3.893919828270606120e-02 1.357519133158394675e-01 -1.802644292991170127e+00
-3.293712447039810753e-02 7.224441604708758957e-02 -1.796767004855657879e+00
-4.042594724413734603e-02 1.371485113453383420e-01 -1.798273418037272142e+00
-3.821557612065215603e-02 1.313700379469121271e-01 -1.800350062574407328e+00
-3.821557612065215603e-02 1.313700379469121271e-01 -1.800350062574407328e+00
-4.030477749557471318e-02 1.348999988490837965e-01 -1.796778626306113402e+00
-4.181698859264003365e-02 1.394778607811047455e-01 -1.795142341720322943e+00
-3.377416861888966892e-02 8.648981475773739880e-02 -1.795764868969934369e+00
-3.369953536701796037e-02 7.349007144430788618e-02 -1.792318596260085384e+00
-3.699528084808471201e-02 1.261738155392794769e-01 -1.798867913491322801e+00
-4.207230115456708774e-02 1.383075934145344965e-01 -1.792817558937906064e+00
-3.454082382983999361e-02 6.571115743700588208e-02 -1.786935895077139902e+00
-3.475359906473767663e-02 4.477203563394072799e-02 -1.781506912608906701e+00
-3.488124247521471460e-02 7.482896319095952431e-02 -1.786718810770331789e+00
-4.374988174421259868e-02 1.382983973338184347e-01 -1.786227733913092086e+00
-3.517307107108668535e-02 3.522190131744996205e-02 -1.776794962381566867e+00
-3.517092494742547759e-02 8.388672750331035988e-02 -1.787764120158729320e+00
-3.519520593385582624e-02 8.455759010685265364e-02 -1.787849036876859365e+00
-3.587850587937474467e-02 2.830555619066765782e-02 -1.773123212716501529e+00
-3.536868794872023020e-02 6.973970026835735192e-02 -1.783633102151558791e+00
-3.575006232153443708e-02 5.003567851434469888e-02 -1.777462365491580432e+00
-3.575006232153443708e-02 5.003567851434469888e-02 -1.777462365491580432e+00
-3.565570181235443170e-02 4.468195775119810503e-02 -1.775978978915334183e+00
-4.081195419521702755e-02 1.290699350810038393e-01 -1.786023512131278856e+00
-3.630653203633011500e-02 4.634340740837905592e-02 -1.773338033369362243e+00
-3.620544062554788278e-02 5.554158435766962804e-02 -1.775621890059005059e+00
-3.681363513809450538e-02 2.704805046603528038e-02 -1.767806619139572488e+00
-4.506169303242483354e-02 1.350828389972770771e-01 -1.777671238174846291e+00
-4.453783303900771956e-02 1.343203342859416449e-01 -1.778253566734590674e+00
-4.254973417250833279e-02 1.271756054587133422e-01 -1.777997026221217913e+00
-4.364111281257152669e-02 1.301422872196544844e-01 -1.776680280317163074e+00
-3.778667556451775766e-02 2.579950700393528890e-02 -1.762201322658082381e+00
-5.119413554970602548e-02 1.464668556035149394e-01 -1.766822304569769742e+00
-4.724073908238682340e-02 1.368184074726938315e-01 -1.770479525261579035e+00
-4.701538721753507899e-02 1.355801903038123812e-01 -1.770160752024605655e+00
-4.857695712128078103e-02 1.369329336412657416e-01 -1.765164605489339955e+00
-4.737348250063050381e-02 1.338302657116316741e-01 -1.766411636725548684e+00
-3.950159040061090865e-02 2.341480376148409245e-02 -1.752620570705343717e+00
-5.219261398332256802e-02 1.426451359370531635e-01 -1.758435594252034218e+00
-4.912731008425379881e-02 1.354013676859995852e-01 -1.761112608378958555e+00
-3.787221601983869340e-02 7.978813854451592691e-02 -1.766756521514040168e+00
-4.711940598804478797e-02 1.288075042905389156e-01 -1.761670522241346903e+00
-4.053498183201299787e-02 5.712069591604705503e-03 -1.742050977505136711e+00
-5.338966727485202485e-02 1.410789505908733310e-01 -1.751380178201693560e+00
-4.103842329826835889e-02 7.018820730468733338e-02 -1.755423956824731402e+00
-5.352630276363020551e-02 1.398471612484479543e-01 -1.749502322264883780e+00
-4.108944326183298218e-02 7.942604510340642299e-02 -1.756590980942366542e+00
-4.287991438778797348e-02 1.141289268044857336e-01 -1.761364494680156101e+00
-5.168242158807780096e-02 1.342802990738242719e-01 -1.750041729459598683e+00
-5.269360574305544109e-02 1.361449465159483285e-01 -1.748717431463144845e+00
-4.176073615195239480e-02 5.432405535361469091e-03 -1.736299993479200943e+00
-4.180311028558685027e-02 6.702433432097726351e-02 -1.749620169197545483e+00
-4.200295198154552906e-02 2.047772044899095686e-02 -1.738370278344034459e+00
-5.458905703728503256e-02 1.374470009656539871e-01 -1.742301901554305976e+00
-5.372150344900299829e-02 1.340847483210168001e-01 -1.741349079445046133e+00
-5.448098045914394338e-02 1.313022112250980256e-01 -1.734790639586165417e+00
-5.805393910405482610e-02 1.385576390376367928e-01 -1.729975165826747707e+00
-5.716438165980274044e-02 1.348214297463435352e-01 -1.728990067603942249e+00
-5.449048542597829947e-02 1.281990135956717347e-01 -1.731679988176146878e+00
-5.558466863274929420e-02 1.301775870840869709e-01 -1.729545432287185713e+00
-5.558466863274929420e-02 1.301775870840869709e-01 -1.729545432287185713e+00
-4.622119812333477795e-02 1.072638050368119184e-01 -1.739564649255802786e+00
-5.662702479127736804e-02 1.298032937105778051e-01 -1.724907066109159004e+00
-4.941948110648155396e-02 1.059482422218450126e-01 -1.726076983789604169e+00
-6.186011877737208203e-02 1.326708302164844588e-01 -1.707613344638317709e+00
-6.618363391689310871e-02 1.408852029341214063e-01 -1.701342129080187560e+00
-6.058380793737393188e-02 1.280242478017313279e-01 -1.707256461023151317e+00
-6.647634705759526697e-02 1.377374342966800058e-01 -1.696253876084284018e+00
-5.294780637155167835e-02 9.645198151628853189e-02 -1.706288589917196008e+00
-5.435085325670944989e-02 5.438951861406107757e-02 -1.690988667805246815e+00
-5.452051549995822616e-02 9.238074722000741423e-02 -1.699030708038916648e+00
-5.453630167428640679e-02 8.859627203859717082e-02 -1.697769212225714419e+00
-7.329311411152578115e-02 1.440892516356634678e-01 -1.678500329425636650e+00
-6.988934761240342408e-02 1.365244154264113607e-01 -1.681471355931926537e+00
-6.785846960147498552e-02 1.303757762070115456e-01 -1.681538378044256099e+00
-5.637775384491756914e-02 9.118156450686704106e-02 -1.691308382779558306e+00
-5.637775384491756914e-02 9.118156450686704106e-02 -1.691308382779558306e+00
-5.665127982572285004e-02 8.616989473375696873e-02 -1.689508502461405826e+00
-5.664538891329357756e-02 8.614462414773493837e-02 -1.689408519343923887e+00
-6.894955033077426743e-02 1.315441420132697214e-01 -1.678133503648702396e+00
-5.692975546236488105e-02 6.749580147256442619e-02 -1.683607131206598995e+00
-7.212310958542383910e-02 1.372981442713225309e-01 -1.673930528224299552e+00
-5.749652770082613190e-02 8.873680222697033493e-02 -1.686340159463918242e+00
-5.734576423926950745e-02 6.206721813444077834e-02 -1.680530561041529536e+00
-5.785008269041724133e-02 2.739812470422776577e-02 -1.671606069081390311e+00
-5.779490192822984290e-02 3.370851409312835417e-02 -1.672811435601793351e+00
-5.792419714784864671e-02 6.682181056716497702e-02 -1.679331594953876072e+00
-5.792419714784864671e-02 6.682181056716497702e-02 -1.679331594953876072e+00
-6.818975728916834567e-02 1.270979985070275209e-01 -1.675842100381406574e+00
-7.961099338216953702e-02 1.490266391393301471e-01 -1.661577684146488876e+00
-5.832487520827375066e-02 9.537663521728462213e-02 -1.684923755182965888e+00
-5.820030998763147528e-02 6.943329485387306210e-02 -1.678965060812127819e+00
-7.749881658633718529e-02 1.442298169771410454e-01 -1.662541946681175498e+00
-5.926679072646792029e-02 9.447892505055119350e-02 -1.680976833879386456e+00
-5.926679072646792029e-02 9.447892505055119350e-02 -1.680976833879386456e+00
-5.935482913771637087e-02 9.280311981390486353e-02 -1.680132239330529575e+00
-5.937275308300538068e-02 9.050135077265407391e-02 -1.679441206686705712e+00
-5.937275308300538068e-02 9.050135077265407391e-02 -1.679441206686705712e+00
-5.937880369058894103e-02 8.816970651308245199e-02 -1.678885040719178878e+00
-5.944278137311667654e-02 8.544860245683594258e-02 -1.678014951090066376e+00
-7.340343515826179555e-02 1.330721676575302437e-01 -1.665032610503247135e+00
-7.114664817289051424e-02 1.298085131857519003e-01 -1.667056832002296929e+00
-6.034647412682436068e-02 8.434126521299199764e-02 -1.673977600113740083e+00
-6.066172088493546749e-02 1.940688027267467933e-02 -1.658511288244526094e+00
-7.124747154433035135e-02 1.271245465915255557e-01 -1.664161893571797890e+00
-6.100098018677833217e-02 5.438665206663916007e-02 -1.664733382678086793e+00
-6.100098018677833217e-02 5.438665206663916007e-02 -1.664733382678086793e+00
-6.131470512379024601e-02 1.792022890456149847e-02 -1.656010857122487856e+00
-6.100337799312894466e-02 7.045619398182954851e-02 -1.668281270858644527e+00
-7.668405208465330081e-02 1.387156487408208738e-01 -1.657575178723509568e+00
-6.114196023988831274e-02 8.499276500170442616e-02 -1.671170913305806804e+00
-6.114196023988831274e-02 8.499276500170442616e-02 -1.671170913305806804e+00
-6.133108380180139763e-02 9.153029736404752481e-02 -1.672206999874644051e+00
-6.115467254391038221e-02 6.273397304785467699e-02 -1.665978145111049802e+00
-6.125452058423472984e-02 6.578631260832347449e-02 -1.666170814027260638e+00
-6.149690926358755694e-02 7.127607215824570408e-02 -1.666475536066201357e+00
-5.610119738423724467e-02 4.792549748082271938e-02 -1.669774064673772429e+00
-7.948687126223027977e-02 1.411036474847914557e-01 -1.651495043506451044e+00
-7.042632348449613666e-02 1.224184794162852113e-01 -1.662233447250286433e+00
-7.042632348449613666e-02 1.224184794162852113e-01 -1.662233447250286433e+00
-6.219946980765456157e-02 8.688786450988231214e-02 -1.667629731247311842e+00
-6.226956317184405981e-02 1.856429072887454471e-02 -1.652091388948193851e+00
-6.222924050910824678e-02 6.928107032686980915e-02 -1.663224179474111608e+00
-6.222924050910824678e-02 6.928107032686980915e-02 -1.663224179474111608e+00
-6.275250782179812858e-02 1.991692054175646376e-02 -1.650686188779942221e+00
-6.310698003118563049e-02 9.565591025413305859e-02 -1.666630282111782435e+00
-6.281226248643786980e-02 7.261520508836469268e-02 -1.661645210102792092e+00
-6.301181336863571902e-02 2.213879944756704660e-02 -1.649974831675893094e+00
-6.300583043079306667e-02 5.464507228698977509e-02 -1.656926291052176481e+00
-6.319999370291888574e-02 1.743377589567571967e-02 -1.648223176816244973e+00
-6.376921756033919475e-02 2.308924252200945243e-02 -1.648460024860720630e+00
-6.326015209096470804e-02 9.025187949746298066e-02 -1.664324568226519974e+00
-6.326015209096470804e-02 9.025187949746298066e-02 -1.664324568226519974e+00
-7.722261677611079456e-02 1.333769449561483800e-01 -1.649850780382179138e+00
-6.403631602812905055e-02 1.311987777438707384e-02 -1.644559374213837577e+00
-6.370493808717729578e-02 7.177087785975004575e-02 -1.658185683124883125e+00
-6.387126302296289304e-02 7.282817046788551962e-02 -1.657603252158630136e+00
-7.123564383839121883e-02 1.193171413748131682e-01 -1.654916831479628758e+00
-6.474011789165691477e-02 7.120034802049710065e-02 -1.653823431957808232e+00
-8.032572942251496595e-02 1.378858106649684390e-01 -1.642871067577161170e+00
-6.506643480209578501e-02 5.040777359191406237e-02 -1.647833494932446019e+00
-8.130256569872329475e-02 1.388596556520875214e-01 -1.640728224953275749e+00
-6.646237257401786669e-02 9.355256042874942474e-03 -1.634128618053113158e+00
-8.259949978976123541e-02 1.381459668967277010e-01 -1.635841143453242053e+00
-6.677764346666480166e-02 1.437711633630220191e-02 -1.633994002762827025e+00
-6.676601768812524818e-02 5.800070872891393420e-02 -1.643125683865771292e+00
-6.729676946699184037e-02 2.113752662674234228e-02 -1.633460833826329672e+00
-7.364465440175178845e-02 1.184180428096665433e-01 -1.644372004257397935e+00
-6.725311477587728182e-02 8.135532979180354340e-02 -1.646181149111777930e+00
-6.763158391220257248e-02 1.209550550749034260e-02 -1.629967322133395458e+00
-6.796676566660909968e-02 2.172196876390102699e-02 -1.630953786415096030e+00
-6.812379944622441730e-02 1.663602961339984490e-02 -1.629271278638391829e+00
-6.913090967053296676e-02 1.038695735031086725e-01 -1.646640946561275687e+00
-6.913090967053296676e-02 1.038695735031086725e-01 -1.646640946561275687e+00
-6.836610225325015500e-02 9.334026694762982690e-02 -1.645214669390992590e+00
-6.862758530127996415e-02 1.385902994514637970e-02 -1.626811406101076329e+00
-6.876592663334066269e-02 2.035762876679790903e-02 -1.627520133539883007e+00
-6.894995017571087237e-02 2.256441005639342468e-02 -1.627281874230650072e+00
-6.918344215111724149e-02 8.903204389173671740e-02 -1.641052712214922771e+00
-6.918344215111724149e-02 8.903204389173671740e-02 -1.641052712214922771e+00
-6.936538593838514899e-02 8.713354231163547570e-02 -1.639769146524089782e+00
-6.974357784154629203e-02 7.026545063114761347e-02 -1.634048780582440852e+00
-7.019304316956812007e-02 1.738317681125677375e-02 -1.621567878182980316e+00
-7.035470315267765284e-02 6.491686392490370917e-03 -1.618831063829286210e+00
-7.021748439055616742e-02 1.430572481988755251e-02 -1.620700444431917964e+00
-7.039492696076975198e-02 1.879493025685934418e-02 -1.620880339937353698e+00
-7.040080374396194551e-02 9.458678678700549458e-02 -1.637670031652566749e+00
-7.041095280729028905e-02 3.080031878861469105e-02 -1.623300269343508573e+00
-7.081161316522295579e-02 9.733835409204268097e-02 -1.637317135454332329e+00
-7.049165606673075957e-02 2.507926892323012261e-02 -1.621583682988464670e+00
-7.107822944160824274e-02 7.568316557749901231e-03 -1.616321860542972555e+00
-7.051309078751709369e-02 7.364729629659627630e-02 -1.631726502614161189e+00
-7.111026569403590403e-02 1.066653951270717972e-02 -1.616704471372544250e+00
-7.135017904797373578e-02 8.954778224853505997e-02 -1.632785201674203490e+00
-8.056979599257807489e-02 1.236290377505560589e-01 -1.624334500897480327e+00
-7.177017590239020972e-02 2.934450195888017518e-02 -1.617389116705085339e+00
-7.166636510730098331e-02 6.084621702331655807e-02 -1.624446327545137514e+00
-7.193443756853724891e-02 6.900844318251203591e-02 -1.625592590511218738e+00
-7.275108631110110968e-02 5.293936556111113710e-03 -1.610108578330398998e+00
-7.246746569731467302e-02 1.514665619281081038e-02 -1.612450867773210783e+00
-7.219305134210798891e-02 7.373426544234544522e-02 -1.625731275099788098e+00
-7.219305134210798891e-02 7.373426544234544522e-02 -1.625731275099788098e+00
-7.227829274210634258e-02 2.545777038896425426e-02 -1.614684010051468332e+00
-7.264488992114491450e-02 9.023035070001927949e-02 -1.627924466258531044e+00
-7.279005666939258878e-02 9.433021868144821076e-02 -1.628566524634928347e+00
-7.291428564856343442e-02 9.275441851977962726e-02 -1.627711558611008025e+00
-7.348465659570464770e-02 6.387620148061617757e-03 -1.606903350982044731e+00
-7.364744428894282047e-02 9.215697311997600449e-02 -1.624724788074478621e+00
-7.382995831999911163e-02 1.582676103938691556e-02 -1.607182249250267425e+00
-7.405628175189947482e-02 8.930712798147827369e-02 -1.622489221608574006e+00
-7.380541763381655296e-02 6.892705313074098949e-02 -1.618306934950621612e+00
-7.412745223092385982e-02 9.044282083263056882e-02 -1.622050911169052201e+00
-7.523205385708851833e-02 2.052307460601756131e-02 -1.603121894857233887e+00
-7.538830007483421358e-02 6.439502849666637989e-03 -1.599773988810807568e+00
-7.489379213857276507e-02 6.885457175354357806e-02 -1.614116915366163640e+00
-7.466230100157644767e-02 3.589077207703390837e-02 -1.607061886377596505e+00
-7.494616619890727416e-02 7.851991195267517265e-02 -1.615955177733535253e+00
-7.554424625147579397e-02 1.257959519882237941e-02 -1.600053159304009487e+00
-7.522264628013741738e-02 7.584667879793667578e-02 -1.614230460376439025e+00
-7.550166944177943984e-02 8.808867380802587466e-02 -1.616373481093032138e+00
-7.564783797129805143e-02 1.949608185819835804e-02 -1.601028063632756071e+00
-7.564783797129805143e-02 1.949608185819835804e-02 -1.601028063632756071e+00
-7.532915855432925634e-02 2.915745114836884588e-02 -1.603434943479865149e+00
-7.532915855432925634e-02 2.915745114836884588e-02 -1.603434943479865149e+00
-7.695669140787061990e-02 1.042931666607736507e-01 -1.616931994960885577e+00
-7.592156799606726569e-02 8.973630839991457442e-02 -1.615328698370758431e+00
-7.592156799606726569e-02 8.973630839991457442e-02 -1.615328698370758431e+00
-7.630885793903537107e-02 1.070265617657782144e-02 -1.596515024561758533e+00
-7.664562219329804083e-02 7.454578269017070324e-02 -1.608597130428272459e+00
-7.704215634672648139e-02 8.968180065073874663e-02 -1.610869977052218571e+00
-7.726604558252182786e-02 7.113287983127699297e-03 -1.592151948832068786e+00
-7.733397302015811159e-02 2.239694954487813153e-02 -1.594988689576758212e+00
-7.733397302015811159e-02 2.239694954487813153e-02 -1.594988689576758212e+00
-7.719237798843993359e-02 6.428680270109839168e-02 -1.604298918543804797e+00
-7.721920177755366155e-02 6.909849373840298847e-02 -1.605270413863238987e+00
-7.766958394073669725e-02 2.310720431681789755e-02 -1.594157093915477663e+00
-7.769776348087532869e-02 1.412665697027283215e-02 -1.591870526655488227e+00
-7.750334672888668786e-02 6.584849531020538216e-02 -1.603250073754019622e+00
-7.832487226756432164e-02 1.198438875410204850e-02 -1.589106762470602563e+00
-7.812945491928097175e-02 7.684810961099568238e-02 -1.603356012317129320e+00
-7.892372779219669621e-02 7.391983638026144998e-02 -1.599565121527441791e+00
-7.946684007169112218e-02 2.378074231809847172e-02 -1.587258713718522785e+00
-7.963870813500960322e-02 1.798645861216215808e-02 -1.585452766189615836e+00
-7.960683606837554160e-02 2.084716822185424950e-02 -1.585849983433903265e+00
-8.008045579872610786e-02 1.017555495791484521e-01 -1.602545265481255310e+00
-7.986718686305999126e-02 6.915728106144578002e-02 -1.594937902777393779e+00
-8.063320633409711002e-02 1.461030102710673614e-02 -1.580833919227951911e+00
-8.069132580298697677e-02 1.925690966712007707e-02 -1.581583718006854822e+00
-8.069132580298697677e-02 1.925690966712007707e-02 -1.581583718006854822e+00
-8.087897921258899170e-02 2.099290032980370702e-02 -1.581175068281839291e+00
-8.123735357115063893e-02 5.521784039515576642e-02 -1.586378750426209461e+00
-8.176961132237409169e-02 8.316912898096544271e-02 -1.590949662577304302e+00
-8.189368881095233921e-02 8.560840072144548785e-02 -1.591020173951561922e+00
-8.237973848223174855e-02 8.503024112247676083e-03 -1.573123186323641010e+00
-8.238023164922257668e-02 2.043162796145526691e-02 -1.575552278631324965e+00
-8.239965458193941605e-02 1.243278015738189142e-02 -1.573761509838149220e+00
-8.247323007729825961e-02 1.434486527805572433e-02 -1.574042956269809945e+00
-8.300080638302660685e-02 1.020518018903052992e-01 -1.592279621058473760e+00
-8.250329316633474297e-02 9.532334573715424073e-03 -1.572612391729211190e+00
-8.266977632144624499e-02 2.430275229970113235e-02 -1.574680009103888834e+00
-8.284319415249585816e-02 1.993815630580537956e-02 -1.573298424936499851e+00
-8.290326683968168853e-02 8.924115147278317839e-02 -1.588232409319992211e+00
-8.290326683968168853e-02 8.924115147278317839e-02 -1.588232409319992211e+00
-8.279364145843515210e-02 2.188412506149341186e-02 -1.573708208962124822e+00
-8.286332917072192217e-02 8.341433831626081374e-02 -1.586729014163018148e+00
-8.383139463718330964e-02 1.410612797684999975e-02 -1.568611454713757736e+00
-8.429094580596006858e-02 2.382416648385522751e-02 -1.569210233177119385e+00
-8.381548353198098322e-02 9.491170152119851600e-03 -1.566640477435867762e+00
-8.416384231839427188e-02 8.710384772505257167e-02 -1.582694049348222221e+00
-8.420883330907660835e-02 8.482314741715583917e-02 -1.581918128103424026e+00
-8.478422489262911477e-02 8.223806407793582060e-03 -1.563945454550994096e+00
-8.468550201555212487e-02 8.811110563731291978e-02 -1.581008037118329490e+00
-8.468550201555212487e-02 8.811110563731291978e-02 -1.581008037118329490e+00
-8.513749997108224776e-02 8.713434929078764379e-02 -1.578956833927592784e+00
-8.513749997108224776e-02 8.713434929078764379e-02 -1.578956833927592784e+00
-8.610410202564217075e-02 1.887040685979218119e-02 -1.560724784563448653e+00
-8.612251298140934097e-02 1.997844057290698930e-02 -1.560736889092024127e+00
-8.597607211893189272e-02 5.920756034758442587e-02 -1.569260419106739635e+00
-8.586099921263373735e-02 8.202887294512703487e-02 -1.574337238947758122e+00
-8.656765146007690259e-02 9.499249023401285658e-03 -1.557233869452944397e+00
-8.655034056467882098e-02 9.116872703347728146e-02 -1.574645091521132301e+00
-8.655034056467882098e-02 9.116872703347728146e-02 -1.574645091521132301e+00
-8.691020046647038311e-02 1.511064289801473601e-02 -1.556947072737193460e+00
-8.688574200504869949e-02 2.483887882884715237e-02 -1.558958181914580576e+00
-8.676914140625881233e-02 8.237534013361370866e-02 -1.571468874024585904e+00
-8.676914140625881233e-02 8.237534013361370866e-02 -1.571468874024585904e+00
-8.742082616617528890e-02 1.134215476493877738e-02 -1.554345916122559679e+00
-8.760101705185020793e-02 1.261094278585281683e-02 -1.553944570675138248e+00
-8.752613504735945460e-02 7.173734002756239347e-02 -1.566122202603234204e+00
-8.756305656978365104e-02 7.702831322444758655e-02 -1.566953400718771094e+00
-8.756305656978365104e-02 7.702831322444758655e-02 -1.566953400718771094e+00
-8.796910896487172837e-02 1.808629488637032018e-02 -1.553487498549352752e+00
-8.890604217662766151e-02 9.788704684929849451e-03 -1.548316511012736152e+00
-8.891912388242562137e-02 2.517355544680263332e-02 -1.551335784552355879e+00
-8.891957340912189089e-02 2.528280820108500665e-02 -1.551107785376897530e+00
-8.901487026555680859e-02 8.879741202890426011e-02 -1.564493951712182529e+00
-8.927193513474980524e-02 1.378612671813895206e-02 -1.547901258202952324e+00
-8.888820398962708758e-02 8.428799744551405959e-02 -1.563515269023674437e+00
-8.949034277491942080e-02 7.068443977293653591e-02 -1.557951051907538353e+00
-9.014645401834141258e-02 2.737620827648400840e-02 -1.547023348453756553e+00
-9.010893947028039697e-02 7.624207732165623475e-02 -1.557121599087541330e+00
-9.059139684986451668e-02 1.442203720764767549e-02 -1.542626024809414353e+00
-9.079055028700470931e-02 2.491642496339381910e-02 -1.544074145520138108e+00
-9.065723620037112462e-02 7.266796994116504760e-02 -1.554176332653338211e+00
-9.065723620037112462e-02 7.266796994116504760e-02 -1.554176332653338211e+00
-9.133043918420878649e-02 1.564808985924676099e-02 -1.540454392291739083e+00
-9.095597136238771363e-02 6.045662251277581639e-02 -1.550467937753621461e+00
-9.111938669905142452e-02 8.479763305207807522e-02 -1.555372039942936713e+00
-9.111938669905142452e-02 8.479763305207807522e-02 -1.555372039942936713e+00
-9.832602947326422871e-02 1.206271573723826790e-01 -1.551411518176629478e+00
-9.163513050351621003e-02 1.265824230377391932e-02 -1.538524528236577371e+00
-9.161620188544380983e-02 9.810454111806763203e-03 -1.537379543745387656e+00
-9.183995011849434287e-02 2.653225274527258246e-02 -1.540490951877309111e+00
-9.206544567503206766e-02 1.756354483276521480e-02 -1.537864896304840245e+00
-9.213829329656066103e-02 2.163106730545323944e-02 -1.538278666004383899e+00
-9.228097796252479612e-02 2.443264999604919524e-02 -1.537674227480374523e+00
-9.228097796252479612e-02 2.443264999604919524e-02 -1.537674227480374523e+00
-9.708284259229468804e-02 1.154963179132186268e-01 -1.549265131279795149e+00
-9.252389832111361512e-02 7.863505243459362193e-02 -1.548472369954087879e+00
-9.309849757119681435e-02 1.377054101422389189e-02 -1.533313399968635915e+00
-9.268248174743641543e-02 8.484700233307965189e-02 -1.549187182412424368e+00
-9.302073591165148370e-02 1.720940413274136757e-02 -1.534059550902193925e+00
-9.295477499880243355e-02 7.937112561658239696e-02 -1.547003806296630035e+00
-9.316379419603092182e-02 8.707237771124964887e-02 -1.548009498723476041e+00
-9.316379419603092182e-02 8.707237771124964887e-02 -1.548009498723476041e+00
-9.331568589691068005e-02 8.712266065858072228e-02 -1.547579687334981191e+00
-9.331568589691068005e-02 8.712266065858072228e-02 -1.547579687334981191e+00
-9.340620443942729278e-02 9.068441655129778900e-02 -1.548042190572571641e+00
-9.340620443942729278e-02 9.068441655129778900e-02 -1.548042190572571641e+00
-9.375786764112897798e-02 8.581966009396740924e-02 -1.545635597743974632e+00
-9.387490578221999171e-02 2.723951364295280550e-02 -1.532678412880217333e+00
-9.377906193014867720e-02 8.781540412762223191e-02 -1.545824010152993866e+00
-9.377906193014867720e-02 8.781540412762223191e-02 -1.545824010152993866e+00
-9.413634843121455875e-02 2.130738357180705575e-02 -1.530843384440698118e+00
-9.444869216415588409e-02 9.988833103009014946e-02 -1.546791328412481681e+00
-9.420554258622425292e-02 8.690578013042828120e-02 -1.543825320342955942e+00
-9.477868364184494077e-02 2.296151317734984598e-02 -1.528420983387120957e+00
-9.900673920530246586e-02 1.145955709543219903e-01 -1.541001808572790566e+00
-9.519116071665589818e-02 8.744652163976829318e-02 -1.540467787995774440e+00
-9.562566949909188929e-02 2.490879308344257775e-02 -1.525609324763398167e+00
-9.576562374879613038e-02 2.323887558004127107e-02 -1.524798271004393690e+00
-9.548317777398093731e-02 6.126420216407164193e-02 -1.533264303321345778e+00
-9.915290756026606811e-02 1.126247316360433071e-01 -1.537820943700474396e+00
-9.617936508598605438e-02 2.752494292399251460e-02 -1.523732756186459314e+00
-9.617353286823278335e-02 2.752798767418446549e-02 -1.523631050604699055e+00
-9.627721604605220251e-02 7.571531113808900593e-02 -1.533408709164069794e+00
-9.690571706333052371e-02 2.923667169285740913e-02 -1.521572856021130571e+00
-9.896127731615984857e-02 1.092767609705820181e-01 -1.535442183777765646e+00
-1.014186728997933939e-01 1.146320912807680670e-01 -1.531831328445237395e+00
-9.767737245500171528e-02 5.982192072651514037e-02 -1.524067619064703560e+00
-9.891260832540321735e-02 1.988179148710471356e-02 -1.511854362289464238e+00
-1.024925366361676415e-01 1.136284353530137986e-01 -1.525924647477407747e+00
-1.024925366361676415e-01 1.136284353530137986e-01 -1.525924647477407747e+00
-1.018922671197756147e-01 1.113935700825561537e-01 -1.525750275070572259e+00
-9.905579445495728275e-02 4.782861038334167841e-02 -1.516567506446701685e+00
-9.934436336619426045e-02 3.051617291989308645e-02 -1.512273689045308345e+00
-9.941538144555067680e-02 7.410115213266378620e-02 -1.520768105674163095e+00
-1.020974201161897327e-01 1.103154369612139862e-01 -1.524047270594947490e+00
-1.000456158850658028e-01 4.894255369096186387e-02 -1.513734024361525154e+00
-1.030265309434562765e-01 1.113601000905774657e-01 -1.521340582786930407e+00
-1.035084472515128418e-01 1.125479558604351310e-01 -1.520670159052577075e+00
-1.005510011669619036e-01 5.934426723331547721e-02 -1.513516551391402842e+00
-1.012633018097787996e-01 8.514129026301865688e-02 -1.516898838325470233e+00
-1.013024734022290457e-01 3.188763848268488799e-02 -1.504999269561382746e+00
-1.014358884007893202e-01 8.791090841162722824e-02 -1.516628114142726913e+00
-1.047814429786092238e-01 1.128189374433045677e-01 -1.516212910286207860e+00
-1.018655711597501179e-01 9.609574161332212761e-02 -1.517123653148668039e+00
-1.018655711597501179e-01 9.609574161332212761e-02 -1.517123653148668039e+00
-1.017307598056251539e-01 7.587216946265866457e-02 -1.512503139209618652e+00
-1.017846489453673176e-01 4.970364367545516970e-02 -1.506845783423159890e+00
-1.018504540857868845e-01 8.001398699984758889e-02 -1.512902965606553352e+00
-1.018533834361687873e-01 8.443015787171048725e-02 -1.513713188326714087e+00
-1.039681631316679011e-01 1.083160088090104473e-01 -1.515269261446156257e+00
-1.020032532601570369e-01 4.258613650840248344e-02 -1.504208856697678565e+00
-1.023977148960839995e-01 4.354028785065856139e-02 -1.503258905074779328e+00
-1.028595544681038670e-01 7.914655996403943683e-02 -1.509025026721324547e+00
-1.029611885919860664e-01 7.382291981368721556e-02 -1.507370123658914984e+00
-1.032236483726175075e-01 3.257776760755238393e-02 -1.498143212992880891e+00
-1.032072068009445148e-01 2.778975471616722259e-02 -1.496927924853407754e+00
-1.031696881381532066e-01 7.704798040086922872e-02 -1.507332068457567953e+00
-1.032698822951608475e-01 7.500081141284713204e-02 -1.506563615952835500e+00
-1.032698822951608475e-01 7.500081141284713204e-02 -1.506563615952835500e+00
-1.036073866912902292e-01 7.811843210264857174e-02 -1.506179164734000375e+00
-1.036150150175606799e-01 2.990482716738642605e-02 -1.495887498464743226e+00
-1.040714400510498877e-01 9.966869469431850759e-02 -1.509526872032436406e+00
-1.037670319033830585e-01 8.273999154135136536e-02 -1.506129368337613572e+00
-1.036577329367626560e-01 4.166001582021614663e-02 -1.497417703187988502e+00
-1.037852115549301873e-01 4.737093551420368254e-02 -1.497616373828082548e+00
-1.046162406050471505e-01 7.941529536354184626e-02 -1.502672463245806167e+00
-1.048949361818832943e-01 8.960510361157697501e-02 -1.503785247415279303e+00
-1.048949361818832943e-01 8.960510361157697501e-02 -1.503785247415279303e+00
-1.048798246699703257e-01 7.332501850187252146e-02 -1.499831554665874922e+00
-1.051369883466158756e-01 7.757224022164567467e-02 -1.500139078224221434e+00
-1.052104199869386275e-01 3.403304493071590553e-02 -1.490402302705448268e+00
-1.053335818679545649e-01 7.464759280907681815e-02 -1.498666302387778204e+00
-1.053335818679545649e-01 7.464759280907681815e-02 -1.498666302387778204e+00
-1.057407075585676259e-01 8.520763495781767671e-02 -1.499550573765940253e+00
-1.057407075585676259e-01 8.520763495781767671e-02 -1.499550573765940253e+00
-1.057565104947680162e-01 5.741603440418814597e-02 -1.493250719306888685e+00
-1.057497298932635749e-01 3.582036396415873986e-02 -1.488662616447988807e+00
-1.058925025891195304e-01 7.648169303859143897e-02 -1.496756697172966222e+00
-1.060981806367223973e-01 8.131297627934391814e-02 -1.497381954163655271e+00
-1.062294983997345565e-01 8.272013071519042360e-02 -1.496982295290120835e+00
-1.062048652058021625e-01 3.964213959695334771e-02 -1.487814653632791195e+00
-1.066885599057330880e-01 3.762056196214839249e-02 -1.486342685445573686e+00
-1.067110634184880585e-01 1.981114981848614356e-02 -1.481474859177513093e+00
-1.070624271198107325e-01 7.403349871695492912e-02 -1.491916409266391019e+00
-1.070624271198107325e-01 7.403349871695492912e-02 -1.491916409266391019e+00
-1.076744571103987330e-01 3.519039396559768551e-02 -1.481219724608215715e+00
-1.084175617603761188e-01 4.062881347573644997e-02 -1.480411571949579397e+00
-1.092176869464673017e-01 3.329752112296227584e-02 -1.475289910696581108e+00
-1.105653356214903321e-01 5.597146357810636047e-02 -1.475955063051402005e+00
-1.114661560125359691e-01 1.003595270772529580e-01 -1.481294323578781214e+00
-1.121063483606648814e-01 1.061961083041775139e-01 -1.481143114917194747e+00
-6.688137453140684946e-03 1.320573724110296054e-01 -1.649515252872865601e+00
-1.121254011923954602e-01 1.009847754188602925e-01 -1.479156802088356981e+00
