-9.096287234241247355e-02 -7.669027991630371355e-02 3.298926618311711856e+00
-1.576701215476583248e-02 -2.399715675748916033e-02 4.607229122311275460e-01
-7.782527359761770569e-02 -4.392240770980429532e-02 3.082175164083051921e+00
-1.575931843209320976e-02 -2.678146849676590197e-02 4.610122506650654595e-01
3.485459564024391554e-02 -2.835168292089062028e-02 2.681187907036513884e+00
3.445357818109444359e-02 3.488516688232595059e-02 8.540897251258725564e-01
-6.928985702311375207e-03 1.387448499981602280e-02 4.591306006927836081e-01
3.410560225774852787e-03 1.106677115019220718e-02 4.290960885561149185e-01
8.893247177836384465e-02 -1.531078038693270693e-01 -1.160482902627721202e+01
1.289336265657255350e-02 8.584910364833805985e-02 5.147091864128527927e-01
5.155598540857728174e-02 9.341686461832188204e-02 9.549965144418641749e-01
4.863128645157667289e-03 2.758003623710353694e-02 1.611403214931989014e-01
-3.139281552265666200e-03 -3.329325944314572711e-02 4.480302987307867579e-01
8.794037659845868257e-03 4.187617089619580929e-02 5.049502159849120764e-01
8.090272121433622621e-03 3.223360393235993188e-02 4.993672577651945832e-01
1.247882433153433591e-02 5.402269940366506012e-02 5.135530378585630995e-01
1.216308533231633821e-02 4.774058190799074231e-02 5.160877373935998103e-01
3.501096281672519926e-03 1.202023541871954232e-02 3.311987351278530278e-01
1.506772677143321248e-02 6.107297273032626095e-02 5.181816354304920047e-01
9.638866244374336145e-03 2.924729761597948119e-02 5.010343012189102385e-01
5.438742352698392943e-03 1.588336040100907232e-02 3.934738279629855229e-01
4.934970042141513524e-02 2.015269499463221217e-02 8.499625949301760075e-01
1.168070806504919144e-02 3.225170608104263592e-02 5.069544208983710609e-01
-1.585009553704513734e-03 -5.414403377208124903e-03 3.383659247193543940e-01
1.630566089783532131e-03 -3.324052642983860856e-02 4.463210664670863026e-01
-8.027030760005323534e-03 4.447490839610868801e-02 3.816871597725985388e-01
1.152427284140557576e-02 2.792194128423251820e-02 5.040988960073037317e-01
1.794991112934985963e-02 6.262537666099315947e-02 5.225246737541811015e-01
1.653647692361948085e-02 4.579997607082513661e-02 5.213638177218500314e-01
1.653647692361948085e-02 4.579997607082513661e-02 5.213638177218500314e-01
2.011229205799499320e-01 3.814806526250030250e-01 9.067228162779189304e+00
2.888671728533583061e-03 1.790865108444601034e-02 1.997835540571998025e-01
-6.845617269820835835e-03 4.524595577566507126e-02 3.791197777688157244e-01
2.042212657362191611e-02 5.631101023804727795e-02 5.286248498807252227e-01
6.196126713275409807e-03 -3.590715991290474585e-02 4.445054858562230149e-01
1.392279712882138754e-01 2.712162681714699319e-01 5.062190359207602519e+00
-2.303536782484542911e-02 4.141226870534103766e-02 -2.574982511317602252e-01
4.931159273373080659e-02 1.729730584822216505e-02 1.765122801942497599e+00
1.934605800756993010e-02 3.601891890229908660e-02 5.282179776970046259e-01
1.498065265876038533e-02 4.252424306365552853e-02 4.794179997357243539e-01
4.689091884295826934e-03 -5.671045325641298207e-03 4.029767509228190936e-01
7.320349778969380619e-03 -2.089109354604969104e-02 4.551151352780739567e-01
7.320349778969380619e-03 -2.089109354604969104e-02 4.551151352780739567e-01
1.338925127632243674e-02 1.059557290758199842e-02 4.888770316061227250e-01
1.908058223995518637e-02 2.954792156920824434e-02 5.240752481661451467e-01
2.331806039596903690e-02 2.727744134181224120e-02 5.543230585025221702e-01
1.507447147059364639e-02 1.571048480361756858e-02 5.054544215074463498e-01
1.782706315707052042e-02 2.005704484105409399e-02 5.149622846771558793e-01
1.824013005325628156e-02 2.518705134647597835e-02 5.182666580247645705e-01
2.497458844336048617e-02 6.646685978126189165e-02 5.321456227149619078e-01
2.172591628925592960e-02 3.917420109310609105e-02 5.352986823858235654e-01
1.256535335024817034e-02 1.210601289761456707e-02 4.108938558473525515e-01
1.866345757124940330e-02 2.308165048270740052e-02 5.186621511342899282e-01
8.775320345095531660e-03 -2.246778921192456313e-02 4.521654550945725104e-01
2.066336330394956053e-02 2.831034633584943172e-02 5.271506450111785869e-01
2.273124048983543241e-02 3.747696208855039179e-02 5.384979224462703717e-01
2.609900592093468766e-02 6.827742658396769582e-02 5.322163946668736489e-01
7.221746657111631496e-02 8.921278968589874125e-02 7.752783650714486496e-01
9.260892271878770968e-03 -2.546852608110590846e-02 4.491849638498159880e-01
2.302958534862662582e-02 3.551539992465800599e-02 5.382768533810526890e-01
2.004099979756586783e-02 4.654552372461170928e-02 4.447440958282536938e-01
7.016125773549378164e-02 1.153702013629026579e-01 1.345464704489081065e+00
1.344438449062063459e-02 2.039189072156306817e-03 4.763427853515648236e-01
3.811145237006870884e-02 8.999850641788291472e-02 5.208624246357504983e-01
2.510100901302201107e-02 3.850932942377537083e-02 5.451730998580185394e-01
2.510100901302201107e-02 3.850932942377537083e-02 5.451730998580185394e-01
1.059204408120339828e-02 -2.272420825020313173e-02 4.496180671994610134e-01
2.897503517393219472e-02 7.676176631370607018e-02 5.301980140183972789e-01
9.520309054526078507e-02 -4.226596495057946545e-02 1.267477002474207914e+00
1.390596665858538465e-02 6.191912162978947982e-03 4.329019288386680153e-01
1.390596665858538465e-02 6.191912162978947982e-03 4.329019288386680153e-01
1.135761081772211287e-02 -1.852914387048634065e-02 4.537564046911288229e-01
2.202636387807503995e-02 2.189947230576495124e-02 5.246813324553324387e-01
2.892089416779861782e-02 6.894474179024112637e-02 5.357075590315669711e-01
2.601506329537077097e-02 3.499189262603798201e-02 5.477510422466266293e-01
1.258435629040037529e-02 -1.911406212825082426e-02 4.514466962010147411e-01
1.267120280554629233e-02 -2.646084032184255891e-02 4.448395476994769226e-01
1.831981992186411390e-02 6.695172600416994871e-03 4.873834306273808203e-01
1.318977429424773341e-02 -2.116539310742157967e-02 4.488457260558427753e-01
2.170493328330600630e-02 1.405340747692325302e-02 5.108240118810971619e-01
2.939835371039353773e-02 3.856132860908074306e-02 5.584186992679859296e-01
2.939835371039353773e-02 3.856132860908074306e-02 5.584186992679859296e-01
2.059918952370476050e-02 9.845197198129294197e-03 4.989389696330516211e-01
3.846785170630226403e-02 8.088149825700990947e-02 5.552554102554534410e-01
1.562820147043136182e-02 -4.038445981720861083e-02 4.392959828717452053e-01
3.009816114286103378e-02 3.225907092151465011e-02 5.608259179720719301e-01
1.462264273514421627e-02 -1.955946463690078768e-02 4.482299311303833411e-01
2.158681461542600113e-02 1.351841298910053633e-02 4.723541813131155731e-01
3.138755193610646976e-02 4.160026030359160326e-02 5.631169386998322590e-01
2.159349828953443379e-02 7.635592078829967801e-03 5.085511953408151653e-01
1.759716453188717514e-02 3.672429976199902222e-03 4.463802443171991374e-01
3.006907773710656290e-02 3.012075615532278788e-02 5.609804868037931991e-01
1.513473175208182066e-02 -1.866114581904338571e-02 4.499325471018351674e-01
1.530299596126871373e-02 -1.511169647712007347e-02 4.538660639243205508e-01
2.544648130426176852e-02 1.428891361270694972e-02 -2.149126733859710314e-01
1.523627717353641213e-02 -2.154071922145909049e-02 4.458107103892913203e-01
4.771509143256870422e-02 2.589763409412473849e-02 7.195024941205820923e-01
4.771509143256870422e-02 2.589763409412473849e-02 7.195024941205820923e-01
1.683442717320271162e-02 -5.451202618552139501e-02 4.501695900505541248e-01
4.768973214707596109e-02 1.699543866470641304e-02 6.988478656179859527e-01
1.637105755550965352e-02 -2.290420981728083505e-02 4.431168531036863145e-01
3.545818001164458694e-02 7.984982588608845189e-02 5.350401467865060212e-01
3.483101267967868980e-02 7.362809536402432908e-02 5.386369207922858671e-01
3.342730066942096318e-02 3.367862585845561585e-02 5.732639872175303575e-01
1.686652866052046687e-02 -2.953113407864326953e-02 4.396263829994903616e-01
2.365471531209725059e-02 9.031559845983494830e-03 4.998577377032502600e-01
3.688783891471558718e-02 9.590767834417954218e-02 5.259314439624837023e-01
3.915979333440021415e-02 -8.597804846822001967e-03 6.509604151099712688e-01
2.091887954135169050e-02 4.566765208645558703e-03 4.685962267025194361e-01
3.640464434416328804e-02 2.796867531194744891e-02 5.534902803968577700e-01
2.917196589614668920e-02 3.140614003085703820e-02 5.329199467735792339e-01
2.724720925937902660e-02 1.467730707157916502e-02 5.265189784798137707e-01
3.304060362691023378e-02 2.708935933022447312e-02 5.712250425215295024e-01
3.459632779728138985e-02 1.756084523917906398e-02 5.280112494537519963e-01
2.950504050728606706e-02 1.717713555410653806e-02 5.394504843301186625e-01
3.578023763987487477e-02 4.355675279150891116e-02 5.744487867077059384e-01
3.587853428602504058e-02 5.352427622543987074e-02 5.621515927646821842e-01
3.587853428602504058e-02 5.352427622543987074e-02 5.621515927646821842e-01
1.796276933115083241e-02 -2.052568133123893954e-02 4.433773028740987110e-01
1.825254826567097866e-02 -1.676117295360124784e-02 4.477178568073394982e-01
3.833996739191078418e-02 9.689622424939063616e-02 5.260039736035027058e-01
3.620907275418423082e-02 5.985470450690126565e-02 5.540056142112789184e-01
3.620907275418423082e-02 5.985470450690126565e-02 5.540056142112789184e-01
5.610990364256820961e-02 -2.348039190188228043e-02 6.485312658282145204e-01
1.857788685800160905e-02 -2.441795909057377367e-02 4.402036043744353422e-01
1.877018176570122848e-02 -1.826382489302092252e-02 4.435533199355978784e-01
1.918897304293374489e-02 -2.102214757990046937e-02 4.408700489689700852e-01
1.932934640517635846e-02 -2.345613968673183544e-02 4.384358447545483317e-01
3.134862632902347263e-02 4.670845406114700060e-02 4.955681002445243566e-01
3.261299783042110462e-02 2.876468711681433657e-02 5.663430274013353527e-01
3.886443492834528585e-02 4.294158802114873830e-02 5.848670097859759442e-01
2.030740956580531081e-02 -2.546454423241893000e-02 4.370792373306914835e-01
2.026062106107918981e-02 -1.911419265447198562e-02 4.404792358484365677e-01
2.026062106107918981e-02 -1.911419265447198562e-02 4.404792358484365677e-01
8.135204697380779559e-02 8.088962053623875714e-02 7.711737749191340807e-01
2.065274702759077943e-02 -2.333679609468031213e-02 4.356241287844487275e-01
2.099392320243796337e-02 -2.827805627022696860e-02 4.363658724672299649e-01
-1.655449819762276897e-01 -2.646793168998920476e-01 -1.291222995683115604e+00
4.080519593049190819e-02 2.901662642640131379e-02 6.072458653395643724e-01
4.086479269672764481e-02 4.159556293897505308e-02 5.935136051832412551e-01
4.134706459687000762e-02 3.253144461857659930e-02 6.085498262340470754e-01
2.131288865729397825e-02 -1.373518429070508598e-02 4.454616585177191834e-01
2.157244224623603920e-02 -2.734700750003354192e-02 4.356162117787782950e-01
8.702456518083283299e-02 5.371953447981979261e-03 1.188732964217434462e+00
4.139482282463741170e-02 4.874170634334062946e-02 5.804881274948847647e-01
4.087178124436032650e-02 6.879252601721010107e-02 5.483616141247020792e-01
2.566548024598341513e-02 -4.473377322387633165e-02 4.393364523223026175e-01
4.377649441387315016e-02 4.011035614285526907e-02 6.080446484775579030e-01
2.321755091676608318e-02 -2.817353686160028320e-02 4.343611810719314459e-01
4.184415097964030300e-02 7.797943472662885456e-02 5.393704444587740232e-01
4.527891605237897160e-02 3.146205106855529815e-02 6.291478822148591776e-01
4.518813812754967491e-02 3.079378772341297837e-02 6.287073654244471621e-01
4.291872904672158068e-02 8.462900499429638901e-02 5.357019190617051674e-01
4.352726635886478707e-02 4.474543942192442392e-02 5.949299430362301466e-01
4.241212653575222868e-02 6.340953261189714862e-02 5.560142745624626626e-01
4.241212653575222868e-02 6.340953261189714862e-02 5.560142745624626626e-01
4.231941517214311138e-02 6.858913546604976375e-02 5.477730308298141004e-01
2.344133009389995706e-02 -1.838412633844757962e-02 4.341775180329615624e-01
9.726341930997639551e-02 8.475656644350076929e-02 1.388318618863486620e+00
4.337778908658099231e-02 6.682585743533807354e-02 5.522029622845058272e-01
4.356152122265511545e-02 5.796777110589084597e-02 5.657445033031607284e-01
4.442220290838541641e-02 8.563145362788121551e-02 5.354182471207806771e-01
4.662039342720145779e-02 4.105428026601415370e-02 6.139773198484560490e-01
2.530449551491510338e-02 -2.590246210668658775e-02 4.311215379557228888e-01
2.511329269659768465e-02 -2.498401664981632353e-02 4.309101118157715460e-01
1.022515594560867852e-01 1.010822598099100494e-01 1.138199366750099584e+00
5.045117005584405512e-02 3.477223693997454068e-02 6.500468655011014674e-01
2.536225902048981629e-02 -1.748017585015587683e-02 4.308934331273380769e-01
2.559699174048534961e-02 -2.075674564230062247e-02 4.306569263251995294e-01
4.598763359348947283e-02 8.661346774032524509e-02 5.348649838987935556e-01
2.863606302303842513e-02 -3.925931959822520634e-02 4.373491697319228377e-01
2.717716613627789782e-02 -2.859586874960162381e-02 4.309340847282632225e-01
2.723549179430050093e-02 -2.734971150586663902e-02 4.302544631623992921e-01
8.436193246219335362e-02 3.947044382389163636e-02 9.769947164130827755e-01
1.303425090503294304e-01 9.210431020552452275e-02 1.692122297298142453e+00
2.855363020524076881e-02 -2.937868638898708668e-02 4.301972030208880970e-01
2.809689288289013431e-02 -2.596353960806292716e-02 4.283554643394792416e-01
8.780733082487467145e-02 6.526506468440106123e-02 1.035868912857316193e+00
3.706749485633882568e-02 -6.242696759295214212e-03 5.757880157095365270e-01
4.868320564847626597e-02 8.854228165862844391e-02 5.337062910987919739e-01
3.059567856485695403e-02 -3.630624315218549530e-02 4.326509072029681713e-01
2.959977633255589380e-02 -2.827344690374420169e-02 4.292152943251876795e-01
3.686757912379378527e-02 4.078760355881401456e-02 4.588945047737628125e-01
5.622345683953660495e-02 3.494163221634630223e-02 7.045075154719253607e-01
5.829171422692390470e-02 3.561040220546449891e-02 6.952207952948993297e-01
2.898375373462117044e-02 -2.128791701015987983e-02 4.231132618422122627e-01
1.238710836215160260e-01 9.031852290378782067e-02 1.345343295459844990e+00
5.181953964972903226e-02 1.060009259943798382e-01 5.241686955013340476e-01
3.267107127356263380e-02 -3.552389155664748693e-02 4.337464488954912434e-01
5.467400666020128669e-02 4.297082347349725356e-02 6.278896170218279948e-01
3.311560808472531481e-02 -3.446813831383936655e-02 4.325917129822388074e-01
1.250898733247622352e-01 -1.112392792864573959e-01 1.950942888018666554e+00
1.091715573196170574e-01 9.858581923653563298e-04 1.394828428359111694e+00
6.254518175562072402e-02 3.533443202507217940e-02 7.110337020300417921e-01
2.960032168585771326e-02 -5.644455913812918176e-03 4.249003864426731947e-01
6.212235853766168853e-02 7.997405710482534402e-02 4.268151982048160598e-01
3.186504064160225469e-02 -2.423790345165060395e-02 4.269933159847141835e-01
3.250898534509277793e-02 -2.851440586707544578e-02 4.270546678434259946e-01
3.305513395296656720e-02 -3.067645906560423005e-02 4.288727860562320249e-01
5.355618179085312042e-02 1.060454701663925553e-01 5.250487207284215696e-01
9.746376238870169129e-02 -6.865046692703865271e-03 1.207970457298626510e+00
5.500852868877745966e-02 4.555315797955274137e-02 6.131638333134217245e-01
5.260064663386031930e-02 9.080789480096893018e-02 5.309024877091403916e-01
6.822302090927030715e-02 4.134717303870116129e-02 7.442875185482166200e-01
4.364973422082550625e-02 4.722678012830035547e-04 5.847626216994171733e-01
9.793120702155430624e-02 -7.391486026699463883e-03 1.197398418912323237e+00
3.503546819608135271e-02 -3.283329104089036804e-02 4.311224287892165274e-01
1.099959875114869812e-01 -4.401774546499218066e-02 1.484562641180115161e+00
3.641192191385740629e-02 -3.799745016838187994e-02 4.368536525385249836e-01
4.589180374836356047e-02 -4.847120647091250623e-02 4.612694277452473735e-01
3.440582406061445941e-02 -2.712907137465711896e-02 4.249732098835455329e-01
3.478627849166495561e-02 -2.938202257865845865e-02 4.255036284543102787e-01
4.364141919704925265e-02 -5.233088641506222077e-02 4.537988882469170537e-01
4.364141919704925265e-02 -5.233088641506222077e-02 4.537988882469170537e-01
3.449130812023610410e-02 -2.364231334869449502e-02 4.197503712313877533e-01
2.889268875229539582e-02 -3.302201645164583310e-02 4.002223735747251210e-01
3.655036136899779409e-02 -2.725027436613034967e-02 4.242930753702529034e-01
3.874275560353825781e-02 -3.557748662802621281e-02 4.332298636896189659e-01
3.673909422535676789e-02 -2.566737842199674421e-02 4.225299133751886926e-01
3.278415106037495252e-02 -1.808587268514079416e-03 5.151035155590791836e-01
-5.346003089185918239e-02 4.382168190787789214e-02 -3.483763437326294343e-01
3.865020841465217905e-02 -3.173315137637473110e-02 4.288323572733034883e-01
3.698580251679564612e-02 -2.441374422116957335e-02 4.189912636131596924e-01
3.781535420357098887e-02 -2.675216719046594194e-02 4.214908380430707480e-01
3.781535420357098887e-02 -2.675216719046594194e-02 4.214908380430707480e-01
3.064028926534880307e-02 -1.696926834770247795e-03 3.777849957774096490e-01
3.914173048227540669e-02 -2.693020868528788608e-02 4.214125458108831657e-01
3.188685135760057493e-02 -3.492451479065668274e-02 3.743373758505622595e-01
2.538629134612875593e-02 1.974893491482082163e-03 3.085325502746240067e-01
1.836494112902173695e-02 -3.619703321636440901e-02 3.774449796204082386e-01
2.837144531334237149e-02 -3.013964324608805166e-03 3.213973199423642568e-01
4.653179803832554334e-02 -4.462136294934784114e-02 4.443556311549849980e-01
1.377385642801460586e+00 -1.365940450548300600e+00 1.159469481689814785e+01
4.540916355130122928e-02 -4.279548512043123559e-02 4.129360917384927165e-01
4.499590465427118907e-02 -3.211030826636655788e-02 4.299440511256478192e-01
4.805935307656081235e-02 -4.177122049770733148e-02 4.430900614689711747e-01
4.444259188830253920e-02 -2.722897405307461716e-02 4.227032779546266439e-01
4.842687129557329134e-02 -3.067035669939461098e-02 4.345013709791735734e-01
4.057725569772605706e-02 -9.494969015988747457e-03 3.267511901333874924e-01
6.523244601070288251e-02 8.877496216903739412e-02 5.309939379993828812e-01
4.931768800113323081e-02 -3.901957238435731917e-02 4.399251613171409891e-01
7.532611573080220946e-02 -3.856976691368889376e-02 5.213039010702400500e-01
5.113600868444070219e-02 -4.231271910020237281e-02 4.466044874725553226e-01
9.860210185042595291e-03 -3.750075149603079123e-04 9.400959792985677521e-02
5.346630728291230927e-02 -4.649362449373829753e-02 4.505577719336106290e-01
4.972674361949300237e-02 -3.449434555664967084e-03 4.069320309622908027e-01
4.146440410845155661e-02 -1.527797336056470508e-02 3.770825755475503693e-01
6.267341495562593623e-02 2.290917108204417948e-02 5.421232011916969906e-01
6.688140949165560789e-02 5.291947882305100825e-02 5.546434376199170790e-01
1.285481151546030709e-02 2.872289856522963324e-03 9.582437921193467933e-02
2.386983097248389363e-02 8.846656359669019878e-03 1.894354754442037769e-01
5.582710804776470220e-02 -4.832880936552903794e-02 4.523826310853065191e-01
5.417177654262549102e-02 -3.959932095132447094e-02 4.438005092580960542e-01
1.135060557595678615e-01 6.139434171113646033e-02 1.025909040828054453e+00
4.120047011887849331e-02 1.336140472980235951e-02 2.511025689723960230e-01
5.325933222527863553e-02 -3.290987905719637563e-02 4.340670934649444868e-01
2.572877004837051743e-02 5.482501443609869192e-03 1.918434692566853839e-01
2.572877004837051743e-02 5.482501443609869192e-03 1.918434692566853839e-01
1.047415297815489227e-01 3.710285750026402329e-03 8.275134143544921050e-01
4.245264974381653816e-02 1.393335543976439994e-02 3.360262966828568287e-01
4.241108553623320482e-02 1.393480711377038071e-02 3.354670964905361874e-01
5.451899293578853917e-02 -3.457536816056757528e-02 4.368131279678476031e-01
6.860248839303355328e-02 3.843547593615338070e-02 5.561103545707043461e-01
5.677678823439207684e-02 -4.143145274057763450e-02 4.468914488863708345e-01
5.871114093213632840e-02 -4.557013910359085374e-02 4.540601916812490590e-01
1.090748444855569321e-01 2.012708951067196037e-02 8.691209121141449945e-01
1.050037395541376095e-01 3.591462140439524720e-03 8.145824875214909833e-01
5.980513738644017252e+00 -4.411485686968426911e+00 4.645431634253324660e+01
3.577086255480983745e-02 9.218134932504631895e-03 2.681396120560233798e-01
6.955891186378963809e-02 4.388055684220663194e-02 5.536506654051089882e-01
7.199276925819651785e-02 7.952222058329246057e-02 5.313794928115896932e-01
7.145325152228557131e-02 7.295201711732879346e-02 5.335099367513856938e-01
6.927652638384411421e-02 3.861818065879350087e-02 5.496829866078934979e-01
6.927652638384411421e-02 3.861818065879350087e-02 5.496829866078934979e-01
5.470168915092924605e-02 -3.006183061273413892e-02 4.310367082411453166e-01
6.193377779217518198e-02 -5.618672765054871093e-02 4.622467483055083814e-01
3.286442671521455638e-02 1.561112377940237616e-03 2.446954108121139060e-01
5.238484446159415164e-02 -2.564424965501923420e-02 4.124984415193893028e-01
5.238484446159415164e-02 -2.564424965501923420e-02 4.124984415193893028e-01
6.874240357199941365e-02 3.567529725565892623e-02 5.447077744429277280e-01
6.123375161587297361e-02 -5.064731872311711847e-02 4.575375432545912280e-01
7.338997771626064315e-02 5.066947819959247146e-02 5.430288427733533929e-01
3.619195366130170677e-02 2.467681525626944095e-03 2.632768912453166132e-01
3.619195366130170677e-02 2.467681525626944095e-03 2.632768912453166132e-01
3.701583270264278969e-02 4.226248678301368356e-03 2.666941681352029692e-01
3.911778220967958991e-02 6.930512543325644675e-03 2.816750151165909877e-01
3.911778220967958991e-02 6.930512543325644675e-03 2.816750151165909877e-01
4.284624672427595621e-02 1.006613007301442736e-02 3.121921907056298684e-01
4.879277057160094633e-02 1.406115409832624751e-02 3.626239022343740737e-01
4.199978650040402106e-02 -3.039926431068180543e-02 3.984632891037027669e-01
5.953815908613722258e-02 -3.799342201108159983e-02 4.455833019096422376e-01
7.623031356329740271e-02 8.624457628450625524e-02 5.340721646570737446e-01
5.802866913060727300e-02 -3.406581012372770362e-02 4.379094732803844869e-01
-5.905371972679286478e-03 -9.027537962484233347e-03 1.698607002887293216e-01
5.239023935561734624e-02 1.532429654795140067e-02 3.840671912532234167e-01
7.602624801922977515e-02 8.707571342180316087e-02 5.262318781316961402e-01
3.180093054050682488e-02 5.015718394411472839e-03 2.277241664695256185e-01
5.874191101962010497e-02 -3.153659079107803964e-02 4.352445394349380159e-01
7.334594151300918852e-02 5.035246891241136613e-02 5.392494041363776747e-01
7.334594151300918852e-02 5.035246891241136613e-02 5.392494041363776747e-01
7.694990653992726803e-02 8.850281383630560772e-02 5.267046745986190270e-01
6.975048216147046454e-02 3.304336750198851036e-02 5.232629212586399348e-01
6.245189228332053560e-02 -4.512775032089503396e-02 4.537252132789090786e-01
5.253747764642369145e-02 1.417126127277178356e-02 3.778013306825029893e-01
5.253747764642369145e-02 1.417126127277178356e-02 3.778013306825029893e-01
4.406356197211485498e-02 5.697124369191608299e-03 3.077561233013804687e-01
7.230455552194949009e-02 4.145760135946380265e-02 5.371786902565687249e-01
7.163890828179643455e-02 3.809700707635647193e-02 5.328425871892104038e-01
6.949316143229856968e-02 3.180875440672149834e-02 5.158727272336568470e-01
7.088122114494879722e-02 5.804665362135438822e-02 5.277613546733841421e-01
6.488976854255483484e-02 -4.868164256596657635e-02 4.587237473410829547e-01
5.869256740215916118e-02 -2.670277712620028679e-02 4.279468137069758482e-01
5.869256740215916118e-02 -2.670277712620028679e-02 4.279468137069758482e-01
5.162905303667697510e-02 1.132212517316151176e-02 3.607107773945725793e-01
7.807409507893202372e-02 8.755172179720084602e-02 5.260688056182729611e-01
7.103540127017553274e-02 3.373912894421549763e-02 5.199457671728696662e-01
7.103540127017553274e-02 3.373912894421549763e-02 5.199457671728696662e-01
7.183945016627439617e-02 -9.060338170943343927e-03 4.946344415113782533e-01
7.839374654769426520e-02 8.597950023475448011e-02 5.256662668905903724e-01
6.493133297236278190e-02 -4.719740001108407162e-02 4.571892950012376167e-01
4.723418020985020033e-02 9.808933977804457777e-04 3.251802669319706629e-01
6.941552039325803170e-02 2.953561840231083702e-02 5.014740927346031940e-01
7.861094459963814673e-02 8.357811972477782736e-02 5.269881973047463308e-01
7.533204326083953184e-02 4.929517752884334664e-02 5.349898611527931225e-01
7.929191582851907727e-02 8.849715651531629701e-02 5.253509031645561267e-01
7.911039556897181413e-02 8.240492958386980149e-02 5.277165413193609655e-01
5.033847798733923073e-02 6.904287454682288619e-03 3.423563859985017110e-01
5.033847798733923073e-02 6.904287454682288619e-03 3.423563859985017110e-01
6.475183307048136550e-02 -4.025682211407137501e-02 4.508792101403053532e-01
5.714635895852620412e-02 -4.667347203018650664e-02 4.153136457461081843e-01
8.065426370044280480e-02 9.287873273101018845e-02 5.246401148103695400e-01
7.074479147508257182e-02 3.014409961112663253e-02 5.033357165940294253e-01
1.020869039062892621e-02 1.927605838786567534e-03 6.477634722482929208e-02
7.003544139005923874e-02 2.875218058077279315e-02 4.954491509991671427e-01
7.157739558808488833e-02 -9.872535581510357219e-03 4.806600271691225390e-01
6.061290640703663468e-02 -2.422441142100315026e-02 4.243961176892284692e-01
9.485742638400648796e-02 2.183298829078886977e-02 6.505498349757972143e-01
7.181022938564483871e-02 3.026012872296795705e-02 5.001997825566416589e-01
6.756634020737746493e-02 -4.618178465460366644e-02 4.583740054263278352e-01
6.350249779681332862e-02 -3.156100528021068413e-02 4.386232031613446769e-01
7.806749625781980728e-02 5.300279431387771439e-02 5.314672124830273070e-01
6.844546768052922614e-02 -4.757887011542228511e-02 4.604150467709383077e-01
8.116654452783010620e-02 5.527353290117669599e-02 5.276968335057077297e-01
8.252412742825986081e-02 8.923709681257865900e-02 5.242192556475128162e-01
8.400085154158601353e-02 9.625723652563762667e-02 5.224551993579857889e-01
7.013425151347452147e-02 -4.748468123977691441e-02 4.609848347806340674e-01
8.388234729574166326e-02 9.082569015976045546e-02 5.240254764039734559e-01
7.845205686095309272e-02 4.417088363872303386e-02 5.247187979874200492e-01
8.374267298242435431e-02 8.345825159897563017e-02 5.251398028229743442e-01
6.433638371890035290e-02 -2.448523999638652429e-02 4.282055156031672749e-01
6.616877013973786192e-02 1.670841351287066789e-02 4.301924113569390307e-01
8.520723357143952792e-02 9.303130370789154668e-02 5.228992994178748299e-01
1.036131965257517107e-01 -3.972417633945222321e-02 5.446433043887372039e-01
8.457487192748033844e-02 8.266591373114516583e-02 5.257707421980116758e-01
8.525995390585262845e-02 8.805040164847360851e-02 5.240291943067589830e-01
5.902288949321341655e-02 -8.906391626876153031e-03 3.822168863614925916e-01
5.902288949321341655e-02 -8.906391626876153031e-03 3.822168863614925916e-01
5.964400916419616838e-02 2.240261190079429528e-03 3.760035918135788968e-01
8.616290084202024580e-02 9.089707045777009609e-02 5.233627131538629573e-01
8.572648049451678243e-02 8.390743422820917674e-02 5.253734051589361576e-01
8.568650720512396846e-02 8.148476447955929625e-02 5.255690256829214091e-01
6.348059073616167669e-02 6.883914069683554592e-03 3.956539778322439305e-01
6.348059073616167669e-02 6.883914069683554592e-03 3.956539778322439305e-01
7.357360483692231001e-02 -4.898234601639470803e-02 4.637491734868286475e-01
6.498846518294094932e-02 9.028349199997117575e-03 4.044264040537498550e-01
7.700427136881843326e-02 2.903079152959758130e-02 4.894257871487388001e-01
8.774183884591928162e-02 8.671457840285094754e-02 5.243688502700893928e-01
8.908427832675673563e-02 9.840313837869461844e-02 5.219539420693600773e-01
8.814597085828111689e-02 9.001621679685616051e-02 5.236615509024034054e-01
8.787120183814439711e-02 8.512898242544993110e-02 5.243189475605628536e-01
6.318024210183115219e-02 2.654164044837134312e-04 3.876945830160914430e-01
8.655831190309232204e-02 7.220965340544067967e-02 5.264200366760728445e-01
6.322990886506089925e-02 -2.782299329694944753e-03 3.891216445255908929e-01
8.732278910715438047e-02 7.832204511693723059e-02 5.250244884117374333e-01
8.985360936356592831e-02 9.706667745189546948e-02 5.221376019273529234e-01
8.229260400783232343e-02 5.388499025774094037e-02 5.287249632319933612e-01
7.597484305641841185e-02 2.471483723735449708e-02 4.744696202650722783e-01
8.958622116373335387e-02 9.371029814268372338e-02 5.227048070205219110e-01
6.710518081794905609e-02 5.607972537324594671e-03 4.053701582289950811e-01
7.276824956368246888e-02 -3.265170010032936859e-02 4.482012001563098758e-01
8.842425779322909962e-02 7.333586274810478811e-02 5.249764829666140331e-01
8.287339988765961285e-02 3.897993235982942506e-02 5.109380022314671255e-01
8.006846675770232236e-02 2.960777873645735123e-02 4.919055280459287416e-01
9.204464078639924829e-02 9.914672952521204341e-02 5.221517702349480761e-01
9.076964076147790716e-02 8.851929023410694264e-02 5.234372521982038062e-01
-1.468398699227423665e-01 -4.442127383402133534e-03 -7.310738553836192422e-01
7.790219003620180160e-02 2.396068698319257437e-02 4.744091518694824039e-01
7.790219003620180160e-02 2.396068698319257437e-02 4.744091518694824039e-01
9.070228586034777274e-02 8.961378442476049255e-02 5.222046359578851327e-01
8.952033653987870321e-02 7.739629473068446175e-02 5.247134571946862058e-01
6.900979370294291204e-02 4.413962088143663816e-03 4.091031143954910188e-01
6.764120822120545107e-02 -1.963084555540158612e-04 4.016043055858489752e-01
6.836006639764997950e-02 1.526644396280460230e-03 4.042630519854124582e-01
9.299955009646067305e-02 9.776293213484160693e-02 5.218658101050495102e-01
8.739601056914227117e-02 8.419679621529552183e-02 6.314119799822310863e-01
6.218549480292842602e-02 -3.845996725220842110e-03 3.677970422377122017e-01
8.915197134329234940e-02 6.361779470893781652e-02 5.242311350125640201e-01
6.996253878165688278e-02 1.925985298884400152e-03 4.098664270009061417e-01
9.243377775797680107e-02 8.741066504002058257e-02 5.231596929786711536e-01
7.184705533311695758e-02 5.016858606642959732e-03 4.182961593876976525e-01
8.212051523569791067e-02 2.887133171337059184e-02 4.889731012542248845e-01
7.145322929549170754e-02 3.639918103278584269e-03 4.145381631982440473e-01
9.362514276127598123e-02 8.195367882875104204e-02 5.245545981078637565e-01
9.536329740441185088e-02 9.724605016387806444e-02 5.218696991916448313e-01
8.348800515554698209e-02 2.852614163220001595e-02 4.888773293420583532e-01
9.125012726932395235e-02 6.529181724293740829e-02 5.232600015223669576e-01
7.877216001616707541e-02 1.716432867990338659e-02 4.557694520764715151e-01
9.494926389249323806e-02 9.049744134913700888e-02 5.226089270575754453e-01
8.056483755815410652e-02 2.020135409819878020e-02 4.656471492219245167e-01
7.476260607681717296e-02 5.862716290983796541e-03 4.261938081908488440e-01
9.428728064655710062e-02 8.292838467696293792e-02 5.235909404604618400e-01
9.428728064655710062e-02 8.292838467696293792e-02 5.235909404604618400e-01
9.292189396845602911e-02 7.245530056522821172e-02 5.239046532946072254e-01
9.292189396845602911e-02 7.245530056522821172e-02 5.239046532946072254e-01
7.225038403819317168e-02 -1.226429946961411603e-02 4.160839846683478949e-01
7.472446126086661200e-02 3.866016440695009462e-03 4.237957907884966069e-01
7.472446126086661200e-02 3.866016440695009462e-03 4.237957907884966069e-01
8.540100461400144949e-02 2.963960087952974276e-02 4.916415853253865986e-01
9.623698660471811939e-02 9.235295242350130551e-02 5.225037027952342816e-01
-1.669342177561360108e-01 -1.425867135017144238e-01 -8.375213557942974285e-01
7.957121038511005828e-02 4.157618474214373749e-02 4.169489216199561699e-01
8.306083749510774494e-02 2.116751174443697037e-02 4.709899231111840390e-01
8.639529549101752914e-02 2.986999913456234168e-02 4.916931077301554542e-01
7.658827115923841355e-02 3.494571492104157906e-03 4.276977527104497967e-01
1.074383747937929789e-01 4.142752711839734620e-02 5.868322628297363286e-01
9.782566598221383025e-02 9.602617049393578907e-02 5.214569444759327155e-01
8.147005767103289442e-02 1.571386619909685006e-02 4.570370561607062787e-01
9.612883275315689535e-02 7.927971136826969523e-02 5.236585127518689209e-01
9.612883275315689535e-02 7.927971136826969523e-02 5.236585127518689209e-01
8.799716450691170977e-02 3.285418163084845994e-02 4.985488568434988110e-01
8.614405345145388637e-02 2.727411176191835498e-02 4.866742826843484804e-01
8.129397587587144924e-02 1.452122489108638101e-02 4.544012594404732708e-01
9.638463156485488348e-02 7.841749755199504957e-02 5.238583509407954697e-01
9.755560422176702551e-02 8.822401472011386081e-02 5.222911197383530713e-01
8.197396154218884734e-02 -2.174485292470308695e-02 4.611017088757319859e-01
8.778105764526455967e-02 3.089751677348778758e-02 4.940859529970748620e-01
2.246608242122906385e-02 4.334940203813250799e-03 1.220468717528481045e-01
9.856620738876592513e-02 9.040205413294140346e-02 5.217276665555705684e-01
8.397447232823269936e-02 1.788267976056668110e-02 4.647624033060493987e-01
8.634279140015685416e-02 2.097020333536824335e-02 4.734816771194613194e-01
9.859925216889310617e-02 7.713926444910887414e-02 5.232178972767912439e-01
9.952316969841498717e-02 8.346620768109053179e-02 5.227477796398388721e-01
9.925265733955634939e-02 8.032627797368330214e-02 5.231817068512145674e-01
7.785254235817663793e-02 -1.098853519844053030e-02 4.231987546689938151e-01
4.190566629372707852e-02 1.203075921426083675e-02 2.292606288681726112e-01
8.951294482706580180e-02 2.613571914581074365e-02 4.860846913235079003e-01
-5.477431388979436822e-02 -2.267733335549782653e-02 -2.862307190270266255e-01
8.269423016631829992e-02 -2.730814637318351723e-02 5.575045656057734389e-01
1.012637537085497585e-01 8.691279152700968902e-02 5.223603676864121415e-01
1.007557175925299781e-01 8.176919501517919409e-02 5.227499636811023809e-01
1.007557175925299781e-01 8.176919501517919409e-02 5.227499636811023809e-01
1.008100569275236363e-01 7.980307383447356184e-02 5.229859450498894891e-01
9.559036710369908652e-02 4.152599739895300457e-02 5.090231336196816558e-01
9.084588367721269098e-02 2.299256768770923873e-02 4.815210006101455220e-01
8.646002481323009081e-02 9.125012792780612045e-03 4.536314281275955484e-01
1.025903928526818720e-01 2.528917962845409623e-02 5.350253453351057065e-01
8.569489463696475240e-02 6.282386711535247435e-03 4.483289102797338721e-01
1.042311457024866495e-01 9.321576542745914351e-02 5.217858884575599099e-01
1.027387210262529077e-01 7.999581984890137554e-02 5.227385145658139942e-01
1.037962506649850458e-01 8.885175771665708433e-02 5.221442823227059327e-01
1.035839324190221261e-01 8.671185842674133948e-02 5.221930198197428652e-01
8.241376778677172998e-02 -1.242621543586593276e-02 4.334698484055363177e-01
1.043255502210222729e-01 9.203132226951263317e-02 5.216457785387622614e-01
8.975246239598869136e-02 1.527104641760654302e-02 4.678433333013375384e-01
8.975246239598869136e-02 1.527104641760654302e-02 4.678433333013375384e-01
1.027923368452045155e-01 7.560399647664434175e-02 5.226938336892723580e-01
1.035018904825956293e-01 8.039234868293383685e-02 5.223517130505215267e-01
8.593694066327911552e-02 1.756912958842335622e-03 4.445025138574450474e-01
8.593694066327911552e-02 1.756912958842335622e-03 4.445025138574450474e-01
1.032052571166168498e-01 7.823106104973938379e-02 5.220094656464132621e-01
8.545514098357921695e-02 -2.235001704880380108e-02 4.477379216827052089e-01
8.797907207341938707e-02 8.407322837308640884e-03 4.547653420801414659e-01
1.054152365417806297e-01 9.286699477059449925e-02 5.179010181362706522e-01
9.555284957723443606e-02 8.419318390197240431e-02 4.755374486449372995e-01
1.054592047871907579e-01 8.660511640836657254e-02 5.221275609088077418e-01
1.047016026542074291e-01 7.567795178355885000e-02 5.226891569217619882e-01
8.937260722263369594e-02 6.171952660531634244e-03 4.558202350756334065e-01
8.937260722263369594e-02 6.171952660531634244e-03 4.558202350756334065e-01
1.063608290342641233e-01 9.171719022563017132e-02 5.214393630677761626e-01
8.510691594727411158e-02 -1.089023298970975655e-02 4.343556841774741661e-01
8.858895056078959496e-02 3.666780477349630869e-03 4.503605331139977075e-01
8.944289710378354463e-02 6.268839034466499975e-03 4.541530352688993855e-01
9.080198644822326526e-02 7.686395392205631633e-04 4.624078969998360322e-01
1.074143203485195125e-01 9.291041480701157929e-02 5.217802176116295154e-01
9.431938582761686951e-02 1.940195510486556960e-02 4.792912412886694007e-01
8.903506084978743407e-02 2.316236337228355646e-03 4.499072982333452431e-01
8.903506084978743407e-02 2.316236337228355646e-03 4.499072982333452431e-01
9.004346686820365042e-02 3.239937047606237120e-03 4.521475187892043390e-01
9.004346686820365042e-02 3.239937047606237120e-03 4.521475187892043390e-01
6.054364678502902053e-02 -1.403483209775403459e-02 3.156985587033317442e-01
1.079610282503201818e-01 8.407202746056298415e-02 5.229073342033888627e-01
1.078865563572418002e-01 8.064958275472396132e-02 5.220889567647596374e-01
1.077861894177341573e-01 7.939335442869657755e-02 5.218251239146608489e-01
1.004986805143747441e-01 3.514392681151111419e-02 5.023102832398724793e-01
1.103975881675730852e-01 3.333638862378126427e-02 5.452717670521104454e-01
9.289864079013389342e-02 8.730918168228173418e-03 4.608314643760397789e-01
1.096498406437322326e-01 9.100969665181032897e-02 5.216012219060461863e-01
9.089472748198570984e-02 -1.915511912382900951e-03 4.493097963419843688e-01
9.089472748198570984e-02 -1.915511912382900951e-03 4.493097963419843688e-01
1.094073980134143143e-01 8.462544410503425318e-02 5.217578853694131436e-01
1.080964085802319924e-01 7.373105861762294100e-02 5.217434041395611066e-01
9.408333396818449601e-02 8.025217043515865678e-03 4.628282563573579145e-01
9.408333396818449601e-02 8.025217043515865678e-03 4.628282563573579145e-01
1.105564127382909351e-01 8.871840620802613764e-02 5.217442832726986168e-01
1.106486736676623311e-01 8.725505585797520280e-02 5.220707566931305221e-01
9.874133571666811326e-02 2.003137801227307044e-02 4.826090498042172605e-01
9.706858205436590115e-02 1.387106479301680913e-02 4.727495523783233344e-01
9.706858205436590115e-02 1.387106479301680913e-02 4.727495523783233344e-01
1.104324804279717132e-01 8.098770945385405651e-02 5.217744459619146902e-01
1.067565238105829400e-01 1.869620213740290013e-02 5.148506929064872173e-01
1.127621819306526135e-01 9.006491293368601436e-02 5.216035150954417832e-01
1.107011129669764893e-01 7.272947413870448075e-02 5.213172274919372073e-01
1.124585335862656049e-01 -1.984181617248341814e-02 5.490547186198043716e-01
1.107953395335547347e-01 7.260681016275725985e-02 5.215145136112742108e-01
9.536012933948588566e-02 -2.661857950270147080e-04 4.569068007821452948e-01
1.126849723161466310e-01 8.547133056144388952e-02 5.219186361173845379e-01
9.658954371310302101e-02 4.907193525877550505e-03 4.622313306117644127e-01
1.018324306826844522e-01 2.041667046028618898e-02 4.844985187891284739e-01
1.120417038248908426e-01 6.985743783581004063e-02 5.208788797267386306e-01
1.009239244353019593e-01 1.374610058698523887e-02 4.765484108305901301e-01
1.144713524283635930e-01 8.436650350275486099e-02 5.215143138458472327e-01
1.132666331126727932e-01 7.244255378308586679e-02 5.211753837581163395e-01
1.028162156770516950e-01 1.766313101032200919e-02 4.825334528304281445e-01
1.028162156770516950e-01 1.766313101032200919e-02 4.825334528304281445e-01
9.868783798309183064e-02 -3.387867810512230210e-02 4.675186770745809461e-01
9.160053722372045459e-02 -2.588205358063156488e-04 4.321275567732308365e-01
1.151835686506187950e-01 8.278467406139819462e-02 5.216888391749958664e-01
1.116918611958329366e-01 3.089907864673464843e-02 5.211189162288629717e-01
1.067404203592346862e-01 3.174138349562062589e-02 5.002429284947239596e-01
1.116918611958329366e-01 3.089907864673464843e-02 5.211189162288629717e-01
9.969365456163654937e-02 3.429772998712537352e-03 4.650219636494960507e-01
9.969365456163654937e-02 3.429772998712537352e-03 4.650219636494960507e-01
9.949050310776767769e-02 -3.875485236023816504e-02 4.691594244185270934e-01
1.160466993991727952e-01 8.607863365397300237e-02 5.215409235186321268e-01
1.165642823043037263e-01 8.927856135363507195e-02 5.208127295290096992e-01
1.144114399532827897e-01 7.028652939172724823e-02 5.208932538045349947e-01
9.879427261322795695e-02 -2.783090136784305280e-02 4.626069559632811079e-01
1.159937919842626147e-01 8.040350947707276819e-02 5.217675532920116321e-01
1.155643811504421387e-01 7.576089177707753808e-02 5.214980998091183206e-01
1.155561081815781183e-01 7.251190016383372849e-02 5.209877414002407336e-01
1.155561081815781183e-01 7.251190016383372849e-02 5.209877414002407336e-01
7.196740835747485188e-02 4.114401848033513720e-02 3.131417904004335506e-01
9.969903905112308118e-02 -3.302746584571458754e-02 4.628704705519106621e-01
1.036273223844811214e-01 9.970396933970806369e-03 4.750631984048075407e-01
1.178273008627854501e-01 8.440629015329137452e-02 5.214087853808245798e-01
1.020029725204966708e-01 2.683756332892849820e-03 4.665110343904185775e-01
1.173542374444303260e-01 8.051950609325309038e-02 5.215348725188915235e-01
1.040229296329948788e-01 8.926755377800335914e-03 4.744991248804517614e-01
1.020608746923699350e-01 -7.351755738319163856e-05 4.647154077641184600e-01
1.020608746923699350e-01 -7.351755738319163856e-05 4.647154077641184600e-01
1.022518751202858983e-01 -1.768826837967200168e-04 4.650257897431752108e-01
1.022518751202858983e-01 -1.768826837967200168e-04 4.650257897431752108e-01
1.013891785331902384e-01 -4.313244356016994463e-03 4.610287722125584464e-01
1.013891785331902384e-01 -4.313244356016994463e-03 4.610287722125584464e-01
1.032854307384911269e-01 1.136388554228199036e-03 4.674380310764529867e-01
1.171236066857441888e-01 6.882971559849729304e-02 5.205147678628058161e-01
1.027589859805088240e-01 -1.193486686066893947e-03 4.645413271805274302e-01
1.027589859805088240e-01 -1.193486686066893947e-03 4.645413271805274302e-01
1.182270316717740216e-01 7.552754735597194680e-02 5.212859026480163305e-01
1.005474753406717658e-01 -1.520674727502066732e-02 4.556141841647998736e-01
1.036530384394826754e-01 -3.429896853634885421e-04 4.656462369931854139e-01
1.189355071690852833e-01 7.342154959547746162e-02 5.206790722303015206e-01
1.027966767493725397e-01 -3.307950097220913044e-02 4.641732226532684358e-01
1.074236964154923896e-01 1.383994259372903733e-02 4.788663493017674133e-01
1.199012003062577963e-01 7.509967002537232261e-02 5.206463436405422973e-01
1.049486364636490338e-01 -1.367716595405134858e-03 4.670044525027746141e-01
1.213795338585609146e-01 8.644028720902584284e-02 5.203458428257965451e-01
1.202026147916819970e-01 7.458366468430162322e-02 5.217696843347240376e-01
1.198289462418471452e-01 7.093969804520371125e-02 5.206489887466139166e-01
1.139048765671382413e-01 3.931848658138142882e-02 5.052690865367788220e-01
1.202727530013284474e-01 7.281877850828859244e-02 5.211041601937543843e-01
1.127040648888601171e-01 2.898483534373693868e-02 4.994363967259258241e-01
1.038654291556257575e-01 -3.118115010030604595e-02 4.633269707353741551e-01
1.202628859731192240e-01 6.774293235326016294e-02 5.198092766460979952e-01
1.202848196299901862e-01 6.773291475824830266e-02 5.196636133839006577e-01
1.098950795037101913e-01 1.177937443544405799e-02 4.819828058062972098e-01
1.142222185714964200e-01 3.871206023750156655e-02 5.020405202567546077e-01
1.209168712281040448e-01 6.555266199401475757e-02 5.195636246178269024e-01
1.046913844244280745e-01 -2.757067968453845441e-02 4.618283230517710725e-01
1.110403113131350344e-01 1.596082874078928737e-02 4.846354483704549687e-01
1.063818776330732185e-01 -3.435926095496646959e-02 4.672268950639641427e-01
1.105501305349059771e-01 4.355557850423161063e-03 4.759280132590757439e-01
1.161655416879959629e-01 2.972369316841255715e-02 5.001536186075029589e-01
1.251820759586126652e-01 7.568734660702854111e-02 5.208461712705552138e-01
1.085129627746551362e-01 -3.396232458525131476e-02 4.673834027852474815e-01
1.085129627746551362e-01 -3.396232458525131476e-02 4.673834027852474815e-01
1.208386730348793292e-01 4.581381126670885234e-02 5.125934814611460277e-01
1.084606522045094834e-01 -3.133891871612196761e-02 4.656334246211788486e-01
1.207287760215919048e-01 4.322630062993060296e-02 5.108090482534075605e-01
1.241609907835356102e-01 6.325157466005799922e-02 5.187954231992892851e-01
1.148935461201677360e-01 1.227854233955499516e-02 4.854421030939591319e-01
1.090960377501095646e-01 -3.029498997859582723e-02 4.653098609362768534e-01
1.217385022404634531e-01 4.161736556549482102e-02 5.111591867945058931e-01
1.101640746295727002e-01 -3.189335544066668193e-02 4.666250265962983423e-01
1.104255939755779681e-01 -3.339411907931860019e-02 4.671449452100598920e-01
1.202220422594617588e-01 2.917613480648564156e-02 5.019068376665805076e-01
9.127604781486310659e-02 -2.485407594662118833e-03 3.844826235897076949e-01
1.121862473827762025e-01 4.768073714326837020e-02 4.534866693537419891e-01
1.238476261986984489e-01 4.875698855767272161e-02 5.129440148977626457e-01
1.145761138339949636e-01 -1.374900372146919264e-03 4.762835538580516559e-01
1.267073863853088733e-01 6.099494498936037373e-02 5.182486223013490489e-01
1.141488223211815506e-01 -4.713313317477096052e-03 4.733282143092220062e-01
1.122606634152009952e-01 -3.432786251600190158e-02 4.693022382819935778e-01
1.127430897754784778e-01 -1.439078375561617627e-02 4.676892237346766401e-01
1.127430897754784778e-01 -1.439078375561617627e-02 4.676892237346766401e-01
1.177681614282127115e-01 9.213645762734253702e-03 4.853238869063425942e-01
1.240642677223004892e-01 4.000530511651587823e-02 5.096605710974135839e-01
1.168709820279199008e-01 4.300249670262016807e-03 4.807903154515313915e-01
1.157482737195741906e-01 -9.020919916866422484e-04 4.761341789813410275e-01
1.125641441038849611e-01 -2.910383592194839761e-02 4.670421782444290626e-01
1.258429794092514042e-01 4.822846490611344683e-02 5.133068188054986658e-01
1.261545577684261843e-01 4.700207403533410849e-02 5.134404400532082136e-01
1.185650527092305256e-01 4.884287952442880817e-03 4.828373089826606401e-01
1.201013740113489187e-01 1.109982046659214495e-02 4.881470656886100490e-01
1.291820659410180816e-01 5.954207285520285442e-02 5.179500160259682406e-01
1.265114225799061909e-01 2.175847678744317892e-02 5.128048382837807617e-01
1.300492947699473378e-01 6.512670230858981502e-02 5.190878521039551385e-01
1.195711900261201693e-01 7.213309346887531066e-03 4.850661469879416487e-01
1.202332744791569097e-01 9.587754787326315670e-03 4.873332106118752338e-01
1.202332744791569097e-01 9.587754787326315670e-03 4.873332106118752338e-01
1.198982627528934614e-01 5.790851731145036513e-03 4.847822594495183046e-01
1.302715476043895815e-01 6.252757043341640453e-02 5.187196857951342777e-01
1.151997817201934476e-01 -1.958714745382006753e-02 4.671119841447193277e-01
1.190217917046892254e-01 2.265542186602234858e-04 4.795348819524007378e-01
1.284198956763464294e-01 4.867552263341753255e-02 5.132540367068089138e-01
1.275887318419387240e-01 4.186345915049576732e-02 5.093170055811223618e-01
1.280390002992027876e-01 3.920444874004595098e-02 5.109757716303994224e-01
1.359869643939357609e-01 7.060192764382998420e-02 5.356661991296480796e-01
1.210525305275885616e-01 3.816043378134075566e-03 4.843213323241652990e-01
1.222777260049078413e-01 6.919127405077106149e-03 4.895177900228341872e-01
1.189170524586947580e-01 -8.297686525531205656e-03 4.749913436326204108e-01
1.189170524586947580e-01 -8.297686525531205656e-03 4.749913436326204108e-01
1.230641682525654285e-01 1.084055127900846946e-02 4.894477682585565703e-01
1.223128421944045391e-01 5.744236814076395491e-03 4.861270834771590499e-01
1.319065874521003767e-01 5.711674428814991072e-02 5.170302221994994563e-01
1.233480415592558554e-01 9.098871010923296684e-03 4.889542082991696903e-01
1.233480415592558554e-01 9.098871010923296684e-03 4.889542082991696903e-01
1.325838266876830374e-01 5.996194022323184797e-02 5.176896402533480712e-01
1.212929110624774431e-01 -3.534007872585308730e-03 4.795776159821004692e-01
1.212929110624774431e-01 -3.534007872585308730e-03 4.795776159821004692e-01
1.280799411587518755e-01 2.932358653646832680e-02 5.041677124793629838e-01
1.323911917911780589e-01 5.482314184619038050e-02 5.164067795890404655e-01
1.237487843310109970e-01 6.661480003580073743e-03 4.872146647307039058e-01
1.227906228315019665e-01 9.001901888762703493e-04 4.834358836082246480e-01
1.226686463296026014e-01 -8.442517494812473190e-04 4.818501397641561379e-01
1.323086872564703254e-01 5.015502724106261911e-02 5.147840772798566444e-01
1.332196139678467062e-01 5.244298925629149039e-02 5.169829396338936345e-01
1.364257756298700719e-01 7.329375183186145892e-02 5.195114354734154949e-01
1.260633267994023810e-01 9.059759079101148069e-03 4.903666916368320527e-01
1.260633267994023810e-01 9.059759079101148069e-03 4.903666916368320527e-01
1.174868615133960875e-01 1.199026581219891571e-02 4.613125139167909006e-01
1.266283402423220850e-01 6.695172189223761762e-03 4.896383649810194250e-01
1.352641068053364592e-01 5.487657777028860651e-02 5.165248609904734556e-01
1.128193647652980455e-02 -3.176819324222805024e-02 1.294058887309820771e-01
1.351674449915091503e-01 4.825538692653748296e-02 5.157755975231204104e-01
1.323278177529075561e-01 2.687237885218137987e-02 5.044887855291306789e-01
1.377345487259355461e-01 5.658798499651363639e-02 5.173974918406214485e-01
1.316030888041973823e-01 1.726673555724040493e-02 4.987488562437575879e-01
1.351455856896954244e-01 2.921175630927161024e-02 5.080821021376739077e-01
1.315143366639051903e-01 6.172194941016146720e-03 4.958388157821868036e-01
1.264031483252645305e-01 -2.413453223615845064e-02 4.738624980900475459e-01
1.327837894983550093e-01 8.501655271932462982e-03 4.943343131940431401e-01
1.370303040109617787e-01 1.549152416193940590e-02 5.172835872638265053e-01
1.259159609740755636e-01 -3.120423758798848354e-02 4.726361517838789106e-01
4.714228253483680742e-02 -2.342032330044918967e-02 4.375706915295024535e-01
1.405622099038746631e-01 3.072668706998144678e-02 5.304070487109872056e-01
1.272481409369226046e-01 -2.518270604079099126e-02 4.745792090268741714e-01
1.387567145209226138e-01 2.379577857075481501e-02 5.026650433636193904e-01
